2 0.178125 0.37578125 0.0625 0.07343775
2 0.10234400000000002 0.42734375 0.082812 0.0703125
2 0.05 0.402344 0.0625 0.08593724999999999
2 0.03125 0.578906 0.059375 0.0515625
2 0.077344 0.63749975 0.064062 0.07812525000000001
2 0.154688 0.61015625 0.053125 0.0609375
2 0.21640600000000002 0.6320315 0.064062 0.07343775
2 0.176563 0.6640625 0.059375 0.08124975
0 0.201563 0.7015625 0.04375 0.06249975
0 0.11640599999999998 0.5335940000000001 0.042188 0.02968725
1 0.204687 0.55312475 0.065625 0.06249975
1 0.042188 0.50781275 0.04375 0.03125025
1 0.109375 0.47343725000000003 0.0375 0.03125025
1 0.173437 0.496094 0.04375 0.035937750000000004
1 0.04375 0.45078125 0.0375 0.0328125
0 0.20625 0.439844 0.0375 0.0328125
2 0.453125 0.67499975 0.034375 0.028125
2 0.45781299999999997 0.7164065 0.040625 0.0421875
2 0.45234399999999997 0.7632815 0.029687 0.0328125
2 0.434375 0.77500025 0.040625 0.034374749999999996
2 0.444531 0.8007815 0.035937 0.03906225
1 0.44843700000000003 0.8421875 0.04375 0.04062525
