2 0.583594 0.36250024999999997 0.064062 0.065625
2 0.6375 0.382031 0.065625 0.0703125
2 0.539844 0.39843725 0.045312 0.059375250000000004
2 0.535156 0.457031 0.051562 0.057812249999999996
1 0.644531 0.54453125 0.054688 0.057812249999999996
1 0.589844 0.45625024999999997 0.045312 0.05000025
1 0.582031 0.5046875 0.051562 0.05000025
1 0.539844 0.528125 0.042188 0.059375250000000004
1 0.578906 0.561719 0.051562 0.0609375
1 0.585156 0.6210935 0.048438 0.0703125
1 0.6375 0.6304684999999999 0.053125 0.0796875
1 0.56875 0.6679685 0.053125 0.07656225
1 0.607031 0.7335935 0.060937 0.07343775
0 0.617188 0.7898435 0.046875 0.07343775
0 0.580469 0.8109372499999999 0.032813 0.03125025
