2 0.127344 0.28124975 0.070312 0.08124975
2 0.232813 0.35781275 0.0625 0.06875025
2 0.136719 0.40312475000000003 0.064062 0.06249975
2 0.23671899999999998 0.4484375 0.057813 0.07187475
2 0.163281 0.47890625 0.064062 0.06718725
2 0.21484399999999998 0.52656275 0.060937 0.065625
1 0.164844 0.552344 0.057813 0.057812249999999996
1 0.158594 0.63359375 0.064062 0.07343775
1 0.221875 0.59375 0.065625 0.05000025
1 0.225781 0.6507815000000001 0.060937 0.057812249999999996
0 0.266406 0.71328125 0.057813 0.0609375
0 0.1625 0.7093752500000001 0.04375 0.05625
0 0.164062 0.7726565 0.05 0.0703125
0 0.211719 0.785156 0.064062 0.07343775
0 0.22343799999999997 0.8414059999999999 0.046875 0.0609375
0 0.260937 0.79687475 0.05625 0.07187475
2 0.328125 0.31015625 0.040625 0.0515625
2 0.292969 0.40000025000000006 0.051562 0.046875
