2 0.271875 0.38828150000000006 0.05625 0.04843725
2 0.353906 0.4203125 0.048438 0.05312475
2 0.296094 0.44999975000000003 0.057813 0.05625
2 0.257031 0.46874975 0.057813 0.05312475
2 0.178125 0.49140649999999997 0.065625 0.06406275
2 0.235937 0.5249997499999999 0.0625 0.06875025
2 0.225 0.59609375 0.0625 0.07656225
1 0.185938 0.39843725 0.046875 0.043749750000000004
1 0.148438 0.672656 0.0625 0.08593724999999999
1 0.201563 0.66171875 0.05625 0.07656225
1 0.311719 0.62031275 0.048438 0.07187475
1 0.350781 0.59140625 0.054688 0.06718725
1 0.3 0.5718747499999999 0.053125 0.06249975
2 0.303125 0.5140625 0.0625 0.059375250000000004
2 0.353906 0.53984375 0.060937 0.0609375
1 0.35625 0.47109349999999994 0.05 0.0421875
0 0.177344 0.61093775 0.060937 0.059375250000000004
2 0.578125 0.8476565 0.046875 0.03906225
2 0.540625 0.8296872499999999 0.034375 0.04062525
1 0.632031 0.8085935 0.032813 0.03906225
1 0.644531 0.8578122499999999 0.035937 0.034374749999999996
0 0.691406 0.84374975 0.029687 0.04062525
0 0.665625 0.786719 0.025 0.0234375
0 0.69375 0.37734349999999994 0.03125 0.0515625
0 0.728906 0.35624975000000003 0.048438 0.046875
0 0.839844 0.36875 0.035937 0.065625
