2 0.196094 0.22656274999999998 0.029687 0.046875
2 0.23906299999999997 0.299219 0.040625 0.04531275
2 0.171094 0.34218724999999994 0.048438 0.05625
2 0.22968700000000003 0.39374975 0.046875 0.05000025
2 0.163281 0.42265625 0.048438 0.0515625
2 0.2125 0.47031275000000006 0.05 0.05312475
2 0.153125 0.4859375 0.046875 0.05000025
2 0.199219 0.53046875 0.054688 0.0609375
2 0.148438 0.5484372499999999 0.05 0.065625
1 0.189844 0.58124975 0.048438 0.05625
1 0.144531 0.61406225 0.048438 0.075
1 0.180469 0.6492185 0.051562 0.06718725
1 0.145313 0.67578125 0.053125 0.07656225
0 0.20078100000000002 0.6976565000000001 0.042188 0.0609375
0 0.20625 0.753125 0.04375 0.065625
0 0.150781 0.77343725 0.048438 0.065625
0 0.161719 0.81640625 0.048438 0.0703125
2 0.555469 0.71718725 0.035937 0.03125025
2 0.540625 0.730469 0.034375 0.035937750000000004
1 0.555469 0.753125 0.032813 0.04062525
1 0.55625 0.7898435 0.03125 0.0421875
