2 0.302344 0.36718775 0.057813 0.059375250000000004
2 0.391406 0.37109375 0.067187 0.06406275
1 0.234375 0.41875025 0.065625 0.05312475
2 0.3125 0.41875025 0.0625 0.05312475
1 0.384375 0.45078125 0.0625 0.057812249999999996
1 0.2875 0.46093775 0.065625 0.05312475
1 0.257812 0.48749975 0.05625 0.05625
1 0.291406 0.53046875 0.060937 0.057812249999999996
1 0.335156 0.49375025000000006 0.054688 0.05312475
1 0.385937 0.51562475 0.059375 0.046875
1 0.38125 0.5687502500000001 0.06875 0.05312475
1 0.341406 0.565625 0.054688 0.059375250000000004
1 0.385156 0.64843775 0.060937 0.08124975
1 0.353125 0.6210935 0.059375 0.06718725
0 0.398438 0.7164065 0.05 0.0796875
0 0.370312 0.68984375 0.05 0.0796875
0 0.3 0.68515625 0.04375 0.0703125
0 0.277344 0.6210935 0.054688 0.06718725
0 0.303906 0.5742185 0.048438 0.0703125
1 0.257031 0.54453125 0.048438 0.07343775
1 0.21875 0.8609375 0.059375 0.028125
