1 0.332031 0.2609375 0.070312 0.08124975
1 0.434375 0.3171875 0.0625 0.075
1 0.367969 0.372656 0.070312 0.0703125
1 0.416406 0.415625 0.064062 0.06875025
1 0.416406 0.51640625 0.064062 0.07343775
1 0.371875 0.475781 0.065625 0.0703125
1 0.185938 0.67968725 0.059375 0.07187475
1 0.110937 0.49765625 0.059375 0.06406275
0 0.371094 0.5515625 0.067187 0.06875025
0 0.41875 0.597656 0.059375 0.06718725
0 0.403125 0.6585935 0.059375 0.0703125
0 0.392188 0.753125 0.0625 0.08750025
0 0.351562 0.7335935 0.059375 0.08281275
0 0.128125 0.7257815 0.05 0.0796875
0 0.76875 0.16562525 0.053125 0.065625
