2 0.299219 0.46484375 0.054688 0.04843725
1 0.274219 0.5203122499999999 0.048438 0.043749750000000004
1 0.41718700000000003 0.5289065 0.053125 0.057812249999999996
1 0.270313 0.5757815 0.053125 0.0515625
1 0.303906 0.5984375 0.064062 0.05000025
1 0.28125 0.6210935 0.053125 0.04843725
1 0.374219 0.55312475 0.060937 0.05000025
1 0.309375 0.54921875 0.0625 0.0515625
1 0.3375 0.50781275 0.059375 0.05625
1 0.407813 0.575 0.05 0.059375250000000004
0 0.441406 0.569531 0.045312 0.06406275
0 0.382812 0.6023435 0.05625 0.05468775
0 0.307812 0.65312525 0.065625 0.05000025
0 0.279687 0.66640625 0.04375 0.05468775
0 0.304688 0.74687525 0.053125 0.065625
0 0.399219 0.7593747499999999 0.051562 0.065625
0 0.292187 0.8007815 0.04375 0.0609375
0 0.261719 0.77031275 0.045312 0.065625
2 0.691406 0.8312502500000001 0.045312 0.046875
2 0.644531 0.84453125 0.026561999999999995 0.0328125
