2 0.182812 0.34140650000000006 0.06875 0.0703125
2 0.30625 0.39140600000000003 0.059375 0.07343775
2 0.253125 0.4390625 0.065625 0.07187475
2 0.244531 0.49765625 0.064062 0.0703125
2 0.132031 0.5085934999999999 0.073438 0.07343775
1 0.11484399999999999 0.5804690000000001 0.064062 0.06406275
1 0.121094 0.6507815000000001 0.067187 0.07656225
1 0.250781 0.6539059999999999 0.067187 0.0703125
1 0.257031 0.5804690000000001 0.060937 0.07656225
0 0.123438 0.7429685 0.0625 0.0890625
0 0.166406 0.7765625 0.045312 0.059375250000000004
0 0.182031 0.83984375 0.070312 0.0703125
0 0.183594 0.68437475 0.060937 0.065625
0 0.179688 0.625781 0.065625 0.08281275
0 0.285156 0.70781225 0.054688 0.07812525000000001
1 0.280469 0.53906225 0.073438 0.08124975
0 0.303125 0.66875 0.0625 0.09062475
1 0.04375 0.62500025 0.034375 0.0375
1 0.035937 0.67968725 0.0375 0.059375250000000004
1 0.014844 0.7257815 0.026561999999999995 0.0515625
1 0.289062 0.599219 0.059375 0.0703125
2 0.9820309999999999 0.60078125 0.035937 0.0421875
2 0.972656 0.65624975 0.039062 0.03125025
2 0.959375 0.6398435 0.040625 0.0328125
2 0.95625 0.6695315 0.0375 0.035937750000000004
1 0.9617190000000001 0.710156 0.035937 0.03906225
2 0.970313 0.74531225 0.0375 0.0375
2 0.988281 0.76874975 0.023438 0.043749750000000004
