2 0.300781 0.35703125 0.057813 0.057812249999999996
2 0.326562 0.3921875 0.06875 0.065625
2 0.275 0.42343775000000006 0.06875 0.06249975
1 0.320312 0.457031 0.071875 0.05468775
1 0.296094 0.5031252500000001 0.064062 0.059375250000000004
1 0.328125 0.528125 0.06875 0.059375250000000004
1 0.325 0.58671875 0.065625 0.0703125
1 0.278906 0.5687502500000001 0.067187 0.06249975
1 0.294531 0.625781 0.057813 0.0703125
1 0.335156 0.6539059999999999 0.054688 0.0609375
0 0.332813 0.70468775 0.059375 0.07812525000000001
0 0.295312 0.66875 0.053125 0.07812525000000001
0 0.575781 0.2835935 0.045312 0.05468775
0 0.503125 0.34375025 0.040625 0.05312475
0 0.46875 0.35624975000000003 0.034375 0.046875
