2 0.396875 0.29531225 0.040625 0.05625
2 0.327344 0.43593724999999994 0.035937 0.034374749999999996
2 0.39375 0.490625 0.04375 0.05625
0 0.397656 0.383594 0.026561999999999995 0.035937750000000004
2 0.338281 0.5101565000000001 0.035937 0.0515625
2 0.334375 0.58750025 0.046875 0.06249975
2 0.40156200000000003 0.55625 0.04375 0.05312475
2 0.379688 0.61015625 0.05625 0.0703125
2 0.342969 0.6453125 0.051562 0.07187475
2 0.3375 0.69062525 0.053125 0.07187475
1 0.385156 0.66171875 0.048438 0.08593724999999999
2 0.396094 0.71328125 0.051562 0.07656225
0 0.371094 0.7390625 0.045312 0.075
0 0.424219 0.738281 0.051562 0.06718725
0 0.40156200000000003 0.777344 0.04375 0.0796875
