2 0.25625 0.27187475 0.071875 0.065625
2 0.188281 0.36484400000000006 0.070312 0.08281275
2 0.16875 0.4296875 0.090625 0.05312475
1 0.24375 0.378125 0.065625 0.08124975
1 0.198437 0.4539065 0.078125 0.06406275
1 0.185938 0.5218752500000001 0.065625 0.05625
2 0.20703100000000002 0.5421875 0.076563 0.06249975
2 0.196875 0.5796875 0.078125 0.05625
2 0.224219 0.61953125 0.079687 0.05468775
1 0.213281 0.6601565 0.067187 0.057812249999999996
0 0.273438 0.4523435 0.06875 0.07656225
2 0.402344 0.83984375 0.048438 0.05468775
2 0.586719 0.8343747499999999 0.039062 0.04062525
2 0.667188 0.69531275 0.034375 0.043749750000000004
2 0.644531 0.678125 0.035937 0.04062525
2 0.632812 0.644531 0.040625 0.0421875
