2 0.55625 0.383594 0.053125 0.06406275
2 0.559375 0.46406225 0.046875 0.059375250000000004
1 0.567969 0.5335940000000001 0.051562 0.04531275
1 0.634375 0.496094 0.0375 0.0515625
1 0.579688 0.584375 0.046875 0.05625
1 0.677344 0.6390627500000001 0.054688 0.06875025
1 0.724219 0.5140625 0.045312 0.043749750000000004
1 0.670312 0.5742185 0.053125 0.057812249999999996
1 0.715625 0.5804690000000001 0.05625 0.05468775
0 0.595313 0.63437525 0.046875 0.05625
0 0.624219 0.67109375 0.045312 0.06718725
0 0.697656 0.68437475 0.048438 0.06249975
0 0.722656 0.74609375 0.051562 0.06406275
