2 0.42109399999999997 0.25937525 0.054688 0.07187475
2 0.517969 0.23828149999999998 0.042188 0.057812249999999996
2 0.411719 0.336719 0.051562 0.0609375
2 0.477344 0.32109350000000003 0.057813 0.0703125
1 0.440625 0.402344 0.046875 0.0703125
1 0.472656 0.38437475 0.048438 0.06875025
1 0.472656 0.43750025 0.060937 0.05312475
1 0.441406 0.48125 0.054688 0.059375250000000004
1 0.47968700000000003 0.49375025000000006 0.05 0.065625
1 0.45390600000000003 0.54062525 0.054688 0.08124975
0 0.463281 0.5921877500000001 0.048438 0.06249975
0 0.489844 0.56249975 0.051562 0.07812525000000001
0 0.513281 0.66171875 0.051562 0.0796875
0 0.490625 0.6875 0.05625 0.06249975
0 0.47968700000000003 0.7679690000000001 0.05 0.0796875
0 0.521875 0.7617185 0.053125 0.0796875
0 0.544531 0.796094 0.054688 0.08593724999999999
