2 0.196094 0.36250024999999997 0.064062 0.08124975
2 0.260156 0.42187475 0.064062 0.06875025
2 0.334375 0.40000025000000006 0.05625 0.075
2 0.350781 0.46796899999999997 0.054688 0.07343775
2 0.3 0.45468725 0.0625 0.07187475
2 0.22265600000000002 0.48515600000000003 0.060937 0.07343775
2 0.179688 0.48437525 0.065625 0.065625
2 0.274219 0.49218725 0.060937 0.059375250000000004
2 0.288281 0.524219 0.057813 0.06718725
2 0.346875 0.550781 0.059375 0.0703125
2 0.304688 0.58750025 0.05625 0.07812525000000001
2 0.21640600000000002 0.58124975 0.060937 0.07812525000000001
2 0.248438 0.5953122499999999 0.065625 0.09062475
2 0.191406 0.62343725 0.060937 0.075
2 0.224219 0.63359375 0.064062 0.09531225
2 0.117188 0.52656275 0.065625 0.065625
2 0.138281 0.621875 0.060937 0.084375
2 0.076563 0.63281225 0.071875 0.09375
1 0.361719 0.6039065000000001 0.051562 0.08281275
0 0.358594 0.6625002500000001 0.039062 0.06249975
0 0.326562 0.70859375 0.053125 0.07656225
0 0.28125 0.68515625 0.046875 0.0703125
0 0.283594 0.711719 0.048438 0.07343775
0 0.215625 0.6789065 0.04375 0.0609375
