2 0.546094 0.20781275 0.051562 0.065625
2 0.4625 0.25937525 0.05625 0.06875025
2 0.524219 0.3023435 0.048438 0.06718725
1 0.472656 0.47890625 0.048438 0.07343775
2 0.530469 0.49687475000000003 0.048438 0.059375250000000004
2 0.484375 0.5476565 0.05 0.0609375
2 0.532031 0.57265625 0.048438 0.0609375
1 0.492969 0.61015625 0.051562 0.057812249999999996
0 0.534375 0.64296875 0.0375 0.05468775
0 0.460156 0.6789065 0.042188 0.0703125
0 0.542188 0.6960935 0.046875 0.0609375
0 0.478125 0.7445315000000001 0.046875 0.07343775
0 0.539844 0.7898435 0.045312 0.07343775
0 0.524219 0.8414059999999999 0.045312 0.06718725
0 0.480469 0.824219 0.042188 0.06718725
