2 0.2125 0.4539065 0.059375 0.06718725
2 0.275 0.48828125 0.090625 0.07656225
2 0.266406 0.5570315000000001 0.073438 0.06406275
2 0.203125 0.55859375 0.071875 0.06718725
2 0.261719 0.59375 0.060937 0.084375
1 0.15 0.6390627500000001 0.065625 0.06249975
1 0.202344 0.65234375 0.064062 0.0703125
1 0.173437 0.74375 0.075 0.075
1 0.14375 0.6882815 0.065625 0.08281275
1 0.129688 0.75546875 0.0625 0.0703125
0 0.195312 0.79296875 0.053125 0.0796875
0 0.165625 0.8289065000000001 0.08125 0.08281275
0 0.232813 0.682031 0.075 0.07656225
