0 0.542188 0.16796899999999998 0.071875 0.08281275
2 0.197656 0.308594 0.079687 0.0796875
2 0.288281 0.27343775 0.070312 0.06875025
2 0.24531200000000003 0.3695315 0.084375 0.06718725
1 0.194531 0.38984375 0.070312 0.0609375
2 0.208594 0.48906275 0.070312 0.059375250000000004
2 0.253906 0.5375 0.073438 0.05625
2 0.203906 0.5757815 0.067187 0.06406275
1 0.202344 0.6601565 0.070312 0.0609375
1 0.251563 0.6226565 0.08125 0.06406275
1 0.246875 0.6875 0.05625 0.07187475
0 0.210938 0.72734375 0.05625 0.06718725
