1 0.269531 0.33828125 0.051562 0.06406275
2 0.341406 0.378125 0.045312 0.046875
2 0.249219 0.39453125 0.054688 0.057812249999999996
2 0.324219 0.43828100000000003 0.054688 0.0609375
2 0.276562 0.44609375 0.05625 0.0703125
0 0.283594 0.49843775 0.042188 0.04062525
0 0.261719 0.5218752500000001 0.039062 0.05000025
0 0.261719 0.58203125 0.039062 0.0515625
0 0.301563 0.599219 0.04375 0.06406275
0 0.290625 0.61953125 0.05 0.0609375
0 0.86875 0.171875 0.05625 0.059375250000000004
0 0.832031 0.186719 0.079687 0.0609375
