1 0.45 0.2476565 0.084375 0.07343775
0 0.420312 0.3867185 0.0625 0.0890625
0 0.386719 0.475781 0.064062 0.09531225
0 0.339844 0.51562475 0.054688 0.09687525
0 0.29375 0.47421875 0.0625 0.08281275
1 0.49531200000000003 0.43203125 0.053125 0.057812249999999996
1 0.4375 0.47031275000000006 0.05625 0.06875025
1 0.482812 0.5234375 0.059375 0.06249975
0 0.415625 0.5757815 0.06875 0.06718725
1 0.460156 0.63281225 0.060937 0.06249975
0 0.40546899999999997 0.67031225 0.064062 0.06875025
0 0.444531 0.7093752500000001 0.060937 0.06875025
0 0.454688 0.74687525 0.059375 0.065625
0 0.4 0.77343725 0.053125 0.075
0 0.391406 0.8249997499999999 0.039062 0.05000025
