2 0.603906 0.44531225 0.067187 0.075
2 0.7 0.44687525000000006 0.075 0.08124975
2 0.628906 0.49765625 0.079687 0.07343775
2 0.783594 0.5132809999999999 0.070312 0.0796875
2 0.604688 0.550781 0.059375 0.07343775
2 0.638281 0.59140625 0.073438 0.07656225
2 0.621875 0.6414065 0.075 0.06718725
1 0.729688 0.55000025 0.0625 0.06875025
2 0.665625 0.682031 0.06875 0.07343775
2 0.696875 0.7476559999999999 0.065625 0.08593724999999999
2 0.642188 0.8007815 0.065625 0.08593724999999999
2 0.616406 0.76953125 0.067187 0.0796875
1 0.741406 0.617969 0.054688 0.07656225
1 0.785156 0.70312475 0.067187 0.084375
2 0.782813 0.65312525 0.06875 0.08124975
2 0.747656 0.67499975 0.064062 0.08124975
2 0.80625 0.61484375 0.05 0.0796875
