2 0.3125 0.40468775 0.071875 0.06875025
2 0.382031 0.40859375 0.082812 0.06406275
2 0.410156 0.5148440000000001 0.057813 0.07343775
2 0.308594 0.47343725000000003 0.085938 0.06249975
1 0.280469 0.5273435 0.067187 0.0421875
2 0.294531 0.55000025 0.070312 0.05000025
1 0.35 0.550781 0.05625 0.0609375
1 0.360156 0.58124975 0.060937 0.06875025
1 0.289062 0.6078125 0.059375 0.05312475
1 0.275 0.68515625 0.05 0.0609375
2 0.254688 0.59999975 0.0625 0.046875
2 0.23125 0.646094 0.065625 0.04843725
2 0.202344 0.6890622499999999 0.076563 0.05312475
2 0.21640600000000002 0.7390625 0.060937 0.08124975
0 0.232813 0.79218725 0.04375 0.065625
0 0.20625 0.7820315 0.04375 0.06406275
