2 0.20781299999999997 0.26718725 0.05 0.06249975
2 0.279687 0.23984375 0.059375 0.07656225
2 0.280469 0.3359375 0.060937 0.06875025
2 0.269531 0.4203125 0.054688 0.06249975
2 0.201563 0.36484400000000006 0.065625 0.06406275
2 0.182031 0.4484375 0.073438 0.06249975
2 0.24375 0.48281224999999994 0.071875 0.065625
2 0.192969 0.524219 0.064062 0.0796875
0 0.249219 0.5554685 0.064062 0.0796875
0 0.184375 0.59609375 0.065625 0.07343775
0 0.24375 0.6187497499999999 0.065625 0.084375
0 0.20078100000000002 0.65624975 0.054688 0.084375
0 0.264062 0.6773434999999999 0.053125 0.07343775
0 0.21640600000000002 0.75546875 0.054688 0.08281275
0 0.264844 0.7679690000000001 0.060937 0.08281275
0 0.533594 0.2515625 0.042188 0.05312475
0 0.507031 0.23515625 0.051562 0.0515625
