0 0.617969 0.34765625 0.023438 0.0234375
0 0.6625 0.383594 0.040625 0.035937750000000004
0 0.736719 0.34375025 0.020313 0.02187525
0 0.736719 0.41796875 0.026561999999999995 0.0328125
0 0.603125 0.41171900000000006 0.034375 0.035937750000000004
2 0.661719 0.41796875 0.048438 0.04531275
2 0.653906 0.45859400000000006 0.048438 0.0421875
2 0.673438 0.49453099999999994 0.05 0.05468775
2 0.715625 0.522656 0.05 0.04531275
2 0.595313 0.48749975 0.046875 0.046875
2 0.642188 0.51718775 0.053125 0.05000025
2 0.582031 0.5484372499999999 0.051562 0.059375250000000004
2 0.645312 0.5609375 0.059375 0.05000025
2 0.696875 0.59062475 0.0625 0.059375250000000004
2 0.635938 0.62031275 0.06875 0.059375250000000004
2 0.653906 0.68515625 0.064062 0.08281275
2 0.702344 0.65703125 0.067187 0.07656225
1 0.711719 0.7148435 0.054688 0.07343775
1 0.704688 0.76093775 0.05 0.07812525000000001
0 0.653906 0.7335935 0.051562 0.0796875
0 0.589063 0.60625025 0.053125 0.06249975
0 0.571875 0.65312525 0.05 0.065625
0 0.607812 0.67656275 0.046875 0.084375
