1 0.48359399999999997 0.2609375 0.067187 0.05625
1 0.375 0.32812475 0.08125 0.05625
1 0.382812 0.284375 0.059375 0.059375250000000004
1 0.325781 0.39765649999999997 0.073438 0.05468775
0 0.428906 0.36875 0.070312 0.065625
0 0.310156 0.4296875 0.060937 0.05000025
0 0.457031 0.44453149999999997 0.045312 0.057812249999999996
0 0.44218799999999997 0.4109375 0.053125 0.043749750000000004
0 0.316406 0.48203150000000006 0.064062 0.035937750000000004
0 0.43281200000000003 0.4632815 0.05625 0.03906225
0 0.349219 0.54374975 0.060937 0.05312475
0 0.309375 0.56328125 0.059375 0.057812249999999996
0 0.428125 0.5203122499999999 0.0625 0.065625
0 0.4375 0.5796875 0.053125 0.075
0 0.470313 0.55781225 0.04375 0.07187475
0 0.4125 0.655469 0.040625 0.0703125
0 0.369531 0.730469 0.039062 0.08281275
0 0.327344 0.72656225 0.042188 0.065625
0 0.341406 0.59375 0.064062 0.05625
0 0.314844 0.65781275 0.070312 0.06875025
0 0.291406 0.73750025 0.045312 0.05625
0 0.221875 0.738281 0.053125 0.0609375
0 0.24375 0.78749975 0.046875 0.06875025
0 0.271094 0.7898435 0.039062 0.07656225
