2 0.292969 0.157031 0.073438 0.057812249999999996
2 0.334375 0.233594 0.075 0.07656225
2 0.249219 0.29375 0.085938 0.06875025
2 0.271094 0.3546875 0.092188 0.07187475
2 0.217969 0.38593774999999997 0.089063 0.07812525000000001
2 0.252344 0.44062475 0.095312 0.075
1 0.23125 0.5046875 0.084375 0.06875025
2 0.282031 0.53437475 0.085938 0.08124975
2 0.282813 0.62031275 0.090625 0.07812525000000001
2 0.260156 0.578906 0.085938 0.08281275
0 0.276562 0.6679685 0.078125 0.0890625
0 0.328906 0.6890622499999999 0.045312 0.05312475
0 0.288281 0.7328127500000001 0.064062 0.07812525000000001
0 0.323437 0.78906275 0.065625 0.09375
2 0.784375 0.16484375 0.040625 0.0421875
2 0.728125 0.1710935 0.034375 0.0328125
2 0.766406 0.59062475 0.042188 0.0375
2 0.738281 0.608594 0.042188 0.035937750000000004
2 0.764062 0.6265625 0.040625 0.0375
1 0.773438 0.66093725 0.0375 0.05000025
