2 0.346094 0.321875 0.054688 0.075
2 0.384375 0.41875025 0.0625 0.09062475
2 0.363281 0.50234375 0.057813 0.0796875
2 0.340625 0.5687502500000001 0.065625 0.08124975
2 0.307031 0.46953125 0.057813 0.0703125
2 0.296094 0.53984375 0.054688 0.07656225
2 0.314063 0.60468725 0.059375 0.08124975
0 0.374219 0.65234375 0.051562 0.0796875
0 0.325781 0.66875 0.048438 0.07187475
0 0.328906 0.725 0.051562 0.07187475
1 0.377344 0.7054685 0.064062 0.08281275
0 0.361719 0.7632815 0.051562 0.07656225
0 0.376563 0.23203100000000002 0.053125 0.057812249999999996
0 0.403906 0.2890625 0.032813 0.04062525
0 0.403125 0.33749975 0.034375 0.05625
0 0.31875 0.25312475 0.028125 0.034374749999999996
