2 0.26875 0.34453100000000003 0.071875 0.0515625
2 0.194531 0.3546875 0.051562 0.05312475
2 0.190625 0.40078099999999994 0.065625 0.04843725
2 0.252344 0.38828150000000006 0.060937 0.0421875
2 0.274219 0.40937524999999997 0.067187 0.06249975
2 0.190625 0.46406225 0.065625 0.059375250000000004
2 0.171875 0.42187475 0.06875 0.05625
2 0.1625 0.48906275 0.06875 0.05625
2 0.192969 0.528125 0.070312 0.05625
2 0.178125 0.55781225 0.075 0.06249975
2 0.203906 0.59062475 0.064062 0.06249975
1 0.282031 0.48515600000000003 0.073438 0.0515625
2 0.275781 0.5453127500000001 0.064062 0.059375250000000004
1 0.196875 0.6585935 0.0625 0.057812249999999996
0 0.283594 0.60468725 0.079687 0.059375250000000004
0 0.288281 0.6414065 0.060937 0.06718725
0 0.310156 0.66640625 0.048438 0.057812249999999996
0 0.192188 0.7124997499999999 0.0625 0.07187475
2 0.177344 0.621875 0.060937 0.065625
