2 0.317188 0.31953125 0.05625 0.07656225
2 0.45625 0.30468725 0.046875 0.065625
2 0.41718700000000003 0.3117185 0.05 0.06718725
2 0.375 0.382031 0.059375 0.0703125
2 0.350781 0.47031275000000006 0.067187 0.059375250000000004
2 0.291406 0.48828125 0.064062 0.06718725
1 0.341406 0.6546875 0.067187 0.07812525000000001
1 0.285938 0.7625 0.053125 0.07812525000000001
0 0.302344 0.683594 0.054688 0.06718725
0 0.338281 0.74687525 0.067187 0.075
0 0.315625 0.82031225 0.05 0.06875025
0 0.273438 0.8109372499999999 0.046875 0.084375
1 0.8929690000000001 0.15937475 0.114062 0.065625
0 0.885938 0.29999975 0.084375 0.075
