2 0.5125 0.3265625 0.05625 0.05312475
2 0.616406 0.33046849999999994 0.048438 0.06406275
2 0.503906 0.39374975 0.060937 0.065625
2 0.550781 0.38125025 0.054688 0.059375250000000004
2 0.586719 0.392969 0.054688 0.0609375
2 0.636719 0.40312475000000003 0.060937 0.065625
2 0.589063 0.44999975000000003 0.05625 0.06249975
2 0.632812 0.46953125 0.05 0.0609375
1 0.516406 0.471875 0.060937 0.05625
1 0.520312 0.5375 0.071875 0.05312475
1 0.564844 0.51562475 0.060937 0.05312475
1 0.555469 0.569531 0.054688 0.05468775
1 0.604688 0.51093725 0.0625 0.059375250000000004
2 0.661719 0.542969 0.048438 0.05468775
2 0.614062 0.58124975 0.05625 0.059375250000000004
2 0.667969 0.61015625 0.060937 0.0609375
1 0.639844 0.65 0.048438 0.06249975
0 0.691406 0.6546875 0.054688 0.05625
0 0.710938 0.711719 0.05 0.06718725
0 0.669531 0.711719 0.060937 0.08281275
0 0.515625 0.597656 0.059375 0.06406275
0 0.554688 0.62812475 0.05 0.05625
0 0.542188 0.68515625 0.05625 0.06718725
0 0.519531 0.65234375 0.057813 0.06406275
2 0.446875 0.55312475 0.034375 0.05625
2 0.488281 0.672656 0.029687 0.0328125
2 0.48125 0.70781225 0.03125 0.02499975
2 0.049219 0.6390627500000001 0.051562 0.043749750000000004
1 0.053905999999999996 0.14531225 0.067187 0.0375
1 0.0625 0.2 0.0625 0.046875
0 0.071094 0.24062524999999998 0.064062 0.046875
