2 0.44375 0.40078099999999994 0.075 0.08281275
2 0.540625 0.45937474999999994 0.065625 0.06875025
2 0.466406 0.49453099999999994 0.067187 0.0703125
1 0.482812 0.56328125 0.06875 0.057812249999999996
1 0.546094 0.52656275 0.057813 0.06249975
1 0.49531200000000003 0.63828125 0.0625 0.06406275
1 0.503906 0.7015625 0.057813 0.059375250000000004
1 0.570312 0.74062475 0.065625 0.07187475
0 0.510156 0.7679690000000001 0.054688 0.07343775
0 0.528125 0.8328125 0.059375 0.084375
0 0.583594 0.82031225 0.057813 0.09062475
2 0.784375 0.59609375 0.059375 0.08281275
2 0.871875 0.71875025 0.059375 0.06875025
2 0.778125 0.7578125 0.053125 0.075
2 0.817187 0.80703125 0.059375 0.07656225
2 0.882812 0.84921875 0.046875 0.0515625
2 0.9382810000000001 0.8546877500000001 0.060937 0.04062525
2 0.55 0.60468725 0.078125 0.05312475
2 0.546094 0.663281 0.079687 0.06406275
2 0.157031 0.8453127500000001 0.051562 0.043749750000000004
