2 0.23828100000000002 0.38515625 0.042188 0.03906225
2 0.29375 0.38593774999999997 0.0625 0.05312475
2 0.278125 0.5328125 0.053125 0.034374749999999996
2 0.310937 0.5742185 0.05 0.0515625
2 0.269531 0.59609375 0.051562 0.04531275
2 0.157812 0.5921877500000001 0.053125 0.04062525
2 0.150781 0.64296875 0.051562 0.03906225
2 0.13125 0.702344 0.0625 0.0515625
1 0.257031 0.659375 0.060937 0.046875
1 0.202344 0.61015625 0.051562 0.04531275
1 0.189844 0.6640625 0.064062 0.04062525
1 0.197656 0.71328125 0.042188 0.0421875
0 0.189844 0.76953125 0.051562 0.05468775
0 0.144531 0.775781 0.039062 0.057812249999999996
2 0.251563 0.7164065 0.05 0.05468775
0 0.272656 0.7328127500000001 0.054688 0.05312475
1 0.299219 0.62812475 0.051562 0.059375250000000004
