2 0.14375 0.36562474999999994 0.071875 0.06875025
2 0.11953100000000001 0.383594 0.054688 0.0703125
2 0.199219 0.383594 0.057813 0.0703125
2 0.248438 0.39843725 0.065625 0.07187475
2 0.121875 0.4484375 0.059375 0.059375250000000004
2 0.178125 0.43828100000000003 0.05625 0.0703125
2 0.22968700000000003 0.44609375 0.059375 0.06406275
2 0.275781 0.4671875 0.064062 0.075
2 0.30625 0.52578125 0.05625 0.07343775
2 0.23125 0.49687475000000003 0.071875 0.065625
2 0.178125 0.49296875 0.065625 0.06718725
1 0.129688 0.50781275 0.05625 0.06875025
1 0.182031 0.5375 0.060937 0.07187475
1 0.251563 0.5460935 0.053125 0.07656225
1 0.285938 0.575 0.05625 0.075
0 0.146875 0.6023435 0.0625 0.06406275
0 0.170313 0.63359375 0.05 0.08281275
0 0.202344 0.60625025 0.051562 0.06249975
0 0.289844 0.625781 0.048438 0.0703125
1 0.84375 0.35234375 0.034375 0.03906225
2 0.823438 0.3828125 0.0375 0.04062525
2 0.822656 0.66093725 0.032813 0.03125025
2 0.815625 0.6976565000000001 0.028125 0.02968725
2 0.855469 0.70625 0.023438 0.034374749999999996
2 0.8210940000000001 0.730469 0.039062 0.0328125
2 0.825 0.758594 0.040625 0.0421875
2 0.8039059999999999 0.775781 0.042188 0.035937750000000004
2 0.8117189999999999 0.8179684999999999 0.039062 0.0421875
1 0.817187 0.8531247499999999 0.040625 0.0375
1 0.923438 0.7257815 0.03125 0.035937750000000004
1 0.9132809999999999 0.7632815 0.032813 0.0328125
1 0.9460940000000001 0.75156275 0.029687 0.043749750000000004
2 0.917188 0.79687475 0.03125 0.034374749999999996
2 0.910937 0.8218752500000001 0.03125 0.034374749999999996
2 0.9195309999999999 0.84453125 0.026561999999999995 0.035937750000000004
2 0.95 0.78359375 0.028125 0.02968725
2 0.9445309999999999 0.8132809999999999 0.032813 0.035937750000000004
2 0.970313 0.7539065 0.028125 0.03906225
2 0.9875 0.77500025 0.021875 0.034374749999999996
2 0.985938 0.80703125 0.028125 0.0328125
0 0.777344 0.43124975 0.039062 0.04062525
