2 0.274219 0.25937525 0.045312 0.059375250000000004
2 0.361719 0.213281 0.035937 0.04843725
2 0.349219 0.3125 0.045312 0.05312475
2 0.338281 0.3640625 0.048438 0.05000025
2 0.296875 0.39843725 0.05625 0.05625
2 0.271875 0.449219 0.053125 0.04843725
2 0.307031 0.4898435 0.051562 0.057812249999999996
2 0.26875 0.51250025 0.05625 0.05312475
2 0.294531 0.54453125 0.048438 0.0609375
1 0.259375 0.5757815 0.059375 0.057812249999999996
0 0.277344 0.6070309999999999 0.045312 0.06406275
0 0.228906 0.63749975 0.042188 0.05625
0 0.255469 0.6742190000000001 0.045312 0.0609375
0 0.215625 0.70468775 0.0375 0.06249975
0 0.23906299999999997 0.7578125 0.04375 0.065625
0 0.220312 0.79218725 0.0375 0.06249975
0 0.280469 0.8031252500000001 0.035937 0.065625
0 0.24531200000000003 0.84921875 0.040625 0.0515625
0 0.21484399999999998 0.8414059999999999 0.035937 0.05468775
