2 0.292969 0.275 0.067187 0.084375
2 0.334375 0.307031 0.05625 0.04843725
2 0.305469 0.3867185 0.060937 0.06406275
2 0.284375 0.46015625 0.06875 0.0609375
2 0.267969 0.5289065 0.073438 0.057812249999999996
1 0.278125 0.59999975 0.071875 0.06875025
1 0.290625 0.66093725 0.0625 0.075
0 0.341406 0.7070315 0.054688 0.0703125
0 0.304688 0.8046875 0.065625 0.07187475
1 0.672656 0.6539059999999999 0.048438 0.02968725
1 0.670312 0.617969 0.04375 0.03906225
2 0.669531 0.5757815 0.045312 0.03906225
0 0.685156 0.68046875 0.032813 0.03906225
