2 0.354687 0.33281225000000003 0.05 0.065625
2 0.420312 0.34765625 0.065625 0.0515625
2 0.400781 0.3875 0.051562 0.06249975
2 0.350781 0.39140600000000003 0.060937 0.0609375
2 0.357812 0.45156275 0.0625 0.065625
2 0.34375 0.46562525 0.071875 0.05625
2 0.427344 0.41875025 0.067187 0.05312475
2 0.369531 0.50703125 0.057813 0.04531275
1 0.44843700000000003 0.48125 0.065625 0.05000025
1 0.449219 0.53515625 0.064062 0.0515625
2 0.378906 0.56406275 0.064062 0.059375250000000004
1 0.388281 0.608594 0.054688 0.0515625
0 0.396875 0.65156225 0.046875 0.05625
0 0.46093799999999996 0.5921877500000001 0.05625 0.059375250000000004
0 0.47656200000000004 0.617969 0.040625 0.05468775
0 0.496875 0.621875 0.04375 0.05625
