2 0.470313 0.186719 0.075 0.08593724999999999
2 0.39375 0.2664065 0.075 0.06718725
1 0.458594 0.3398435 0.054688 0.0609375
1 0.390625 0.40468775 0.071875 0.065625
1 0.4375 0.449219 0.059375 0.0609375
1 0.400781 0.49687475000000003 0.064062 0.059375250000000004
0 0.397656 0.5718747499999999 0.054688 0.05625
0 0.374219 0.62812475 0.060937 0.059375250000000004
0 0.386719 0.68046875 0.060937 0.06718725
0 0.407813 0.7203125 0.046875 0.065625
0 0.450781 0.70859375 0.054688 0.07343775
0 0.9304690000000001 0.21640625 0.054688 0.0796875
0 0.9351559999999999 0.15859399999999998 0.057813 0.06406275
0 0.8414059999999999 0.149219 0.064062 0.04531275
0 0.853906 0.22499975 0.045312 0.065625
