2 0.42656299999999997 0.45937474999999994 0.053125 0.059375250000000004
2 0.48125 0.48515600000000003 0.05625 0.057812249999999996
2 0.532813 0.46171850000000003 0.053125 0.057812249999999996
2 0.43281200000000003 0.532031 0.053125 0.05468775
2 0.446875 0.5835934999999999 0.05 0.04843725
2 0.485938 0.54453125 0.053125 0.0515625
2 0.490625 0.5929685 0.046875 0.04843725
2 0.524219 0.56406275 0.042188 0.046875
2 0.589063 0.565625 0.046875 0.05625
2 0.585156 0.62031275 0.048438 0.05312475
2 0.551562 0.62890625 0.04375 0.05468775
2 0.513281 0.64296875 0.054688 0.04843725
2 0.44218799999999997 0.63281225 0.046875 0.046875
2 0.46953100000000003 0.6882815 0.042188 0.0515625
2 0.489844 0.68125025 0.045312 0.05625
0 0.465625 0.719531 0.046875 0.04531275
0 0.917188 0.16171850000000002 0.0875 0.0703125
