0 0.335938 0.36718775 0.040625 0.05312475
0 0.3125 0.3398435 0.046875 0.0515625
0 0.347656 0.316406 0.032813 0.04531275
2 0.56875 0.363281 0.05 0.0796875
2 0.691406 0.372656 0.064062 0.0703125
2 0.583594 0.46484375 0.064062 0.0703125
2 0.6875 0.486719 0.065625 0.0703125
2 0.592187 0.52578125 0.065625 0.06406275
2 0.669531 0.5648435 0.064062 0.06406275
2 0.592969 0.59375 0.057813 0.06249975
2 0.628906 0.617969 0.060937 0.0609375
1 0.5875 0.66718775 0.05625 0.075
1 0.597656 0.728906 0.057813 0.0703125
1 0.639062 0.6976565000000001 0.059375 0.0703125
0 0.608594 0.8 0.048438 0.07812525000000001
0 0.65 0.7679690000000001 0.059375 0.07656225
1 0.2 0.79296875 0.04375 0.04531275
1 0.242188 0.8085935 0.04375 0.04843725
1 0.202344 0.8375 0.051562 0.05000025
0 0.239844 0.8570315000000001 0.039062 0.035937750000000004
