1 0.21484399999999998 0.340625 0.060937 0.059375250000000004
2 0.3125 0.3828125 0.053125 0.05312475
2 0.217188 0.430469 0.0625 0.05468775
2 0.296094 0.45937474999999994 0.060937 0.059375250000000004
1 0.2625 0.5140625 0.0625 0.05625
2 0.20703100000000002 0.503906 0.067187 0.06718725
1 0.208594 0.5515625 0.057813 0.05312475
1 0.25 0.57656225 0.0625 0.059375250000000004
0 0.20546899999999998 0.62500025 0.054688 0.059375250000000004
0 0.210156 0.6875 0.054688 0.059375250000000004
0 0.244531 0.65312525 0.057813 0.059375250000000004
0 0.220312 0.75546875 0.046875 0.0703125
1 0.792188 0.25468775 0.05 0.05000025
1 0.875 0.23437475000000002 0.04375 0.05625
1 0.848437 0.29765600000000003 0.046875 0.0609375
1 0.820312 0.35624975000000003 0.04375 0.05312475
1 0.784375 0.303125 0.04375 0.05000025
