2 0.22265600000000002 0.30078125 0.067187 0.057812249999999996
2 0.419531 0.2945315 0.051562 0.06406275
2 0.346875 0.37421899999999997 0.059375 0.06718725
2 0.304688 0.46484375 0.05625 0.0703125
2 0.275 0.5 0.071875 0.05312475
2 0.345313 0.4296875 0.06875 0.065625
2 0.378906 0.48515600000000003 0.067187 0.07343775
2 0.428125 0.43281274999999997 0.053125 0.08124975
2 0.45 0.50234375 0.053125 0.0609375
2 0.382031 0.55468775 0.057813 0.06875025
2 0.46406200000000003 0.5718747499999999 0.0625 0.07187475
2 0.415625 0.62421875 0.05 0.07656225
0 0.274219 0.5664065 0.057813 0.0703125
0 0.251563 0.6156252500000001 0.08125 0.07187475
0 0.288281 0.6960935 0.057813 0.04843725
0 0.251563 0.7617185 0.071875 0.05468775
0 0.266406 0.8265627500000001 0.057813 0.05312475
0 0.302344 0.63749975 0.051562 0.06875025
0 0.340625 0.659375 0.065625 0.06875025
0 0.347656 0.597656 0.067187 0.057812249999999996
0 0.407813 0.6859377500000001 0.05 0.06875025
0 0.403125 0.75468725 0.04375 0.06249975
0 0.420312 0.7726565 0.04375 0.057812249999999996
0 0.453125 0.7484375 0.040625 0.05625
0 0.45234399999999997 0.7124997499999999 0.051562 0.06875025
0 0.459375 0.664844 0.05 0.06718725
0 0.471094 0.6171875 0.057813 0.05625
0 0.589844 0.1625 0.051562 0.07187475
0 0.586719 0.22031225000000002 0.039062 0.075
0 0.569531 0.288281 0.035937 0.0515625
0 0.598437 0.26875024999999997 0.04375 0.065625
