0 0.472656 0.78749975 0.042188 0.07187475
0 0.475781 0.8132809999999999 0.045312 0.07343775
0 0.51875 0.7796877500000001 0.053125 0.06249975
0 0.513281 0.8218752500000001 0.042188 0.065625
0 0.666406 0.625781 0.048438 0.04843725
0 0.658594 0.69062525 0.042188 0.059375250000000004
0 0.7 0.67031225 0.05 0.059375250000000004
0 0.69375 0.72343775 0.05 0.059375250000000004
0 0.647656 0.74062475 0.042188 0.06249975
0 0.678906 0.771875 0.042188 0.059375250000000004
1 0.554688 0.7203125 0.046875 0.059375250000000004
0 0.571094 0.66718775 0.042188 0.05625
1 0.529687 0.67109375 0.05 0.057812249999999996
1 0.4875 0.70859375 0.05 0.0609375
2 0.539844 0.61093775 0.054688 0.06875025
2 0.596875 0.59140625 0.05 0.05468775
2 0.559375 0.542969 0.046875 0.05468775
2 0.611719 0.5328125 0.048438 0.046875
2 0.571094 0.4765625 0.045312 0.05625
2 0.594531 0.39843725 0.045312 0.05625
2 0.647656 0.46171850000000003 0.042188 0.0421875
2 0.714844 0.4296875 0.042188 0.05000025
2 0.702344 0.47343725000000003 0.042188 0.046875
2 0.657031 0.50703125 0.051562 0.04843725
2 0.7 0.53515625 0.05625 0.05468775
2 0.657031 0.5687502500000001 0.051562 0.05625
