2 0.628125 0.35 0.05 0.05625
2 0.557813 0.4054685 0.05625 0.057812249999999996
2 0.625 0.44609375 0.05625 0.05468775
2 0.542969 0.47343725000000003 0.057813 0.05312475
2 0.553125 0.52578125 0.05 0.05468775
2 0.611719 0.5007815 0.051562 0.057812249999999996
2 0.596094 0.546875 0.048438 0.05000025
2 0.561719 0.5796875 0.042188 0.05312475
1 0.616406 0.6117185 0.054688 0.0515625
1 0.570312 0.6453125 0.05625 0.065625
1 0.570312 0.70781225 0.05625 0.059375250000000004
1 0.619531 0.67968725 0.051562 0.05312475
0 0.642188 0.74999975 0.053125 0.059375250000000004
0 0.614062 0.78125 0.04375 0.06249975
0 0.584375 0.7710934999999999 0.05 0.0703125
2 0.807031 0.321875 0.039062 0.043749750000000004
