2 0.146094 0.378125 0.054688 0.05000025
2 0.117188 0.47031275000000006 0.059375 0.059375250000000004
2 0.20625 0.45546875 0.0625 0.057812249999999996
2 0.261719 0.430469 0.057813 0.057812249999999996
2 0.24609399999999998 0.4953125 0.060937 0.05625
2 0.197656 0.5328125 0.057813 0.05312475
2 0.105469 0.5664065 0.067187 0.057812249999999996
2 0.163281 0.62343725 0.073438 0.06875025
2 0.304688 0.5132809999999999 0.06875 0.06406275
2 0.24375 0.53593775 0.06875 0.05625
2 0.235156 0.599219 0.057813 0.057812249999999996
1 0.280469 0.6226565 0.064062 0.06718725
1 0.173437 0.696875 0.05625 0.059375250000000004
1 0.115625 0.696875 0.0625 0.05312475
1 0.082031 0.67187525 0.060937 0.05312475
1 0.10390600000000001 0.73124975 0.064062 0.05312475
1 0.145313 0.78359375 0.065625 0.06406275
0 0.336719 0.69062525 0.051562 0.08124975
0 0.279687 0.6789065 0.0625 0.06406275
