2 0.433594 0.22578125 0.057813 0.05468775
2 0.332031 0.36093725 0.048438 0.0375
2 0.380469 0.43124975 0.057813 0.059375250000000004
2 0.325781 0.44062475 0.051562 0.043749750000000004
2 0.373437 0.5085934999999999 0.059375 0.0609375
2 0.302344 0.524219 0.054688 0.057812249999999996
2 0.333594 0.55859375 0.073438 0.06406275
2 0.294531 0.58124975 0.064062 0.07187475
1 0.327344 0.62031275 0.070312 0.075
2 0.285156 0.63359375 0.060937 0.0796875
2 0.334375 0.68046875 0.065625 0.08281275
0 0.3375 0.74531225 0.05 0.09375
0 0.369531 0.7070315 0.042188 0.0796875
0 0.413281 0.31874975 0.035937 0.03125025
0 0.482812 0.15937475 0.046875 0.05312475
0 0.565625 0.19218725 0.04375 0.06249975
0 0.560937 0.14531225 0.059375 0.0375
2 0.9382810000000001 0.33828125 0.032813 0.0328125
2 0.885938 0.35156225 0.03125 0.03125025
2 0.915625 0.37734349999999994 0.034375 0.035937750000000004
2 0.8898439999999999 0.3867185 0.029687 0.02968725
2 0.882812 0.415625 0.03125 0.028125
2 0.914062 0.4109375 0.034375 0.03125025
2 0.911719 0.434375 0.032813 0.03125025
2 0.8773440000000001 0.44765599999999994 0.026561999999999995 0.0328125
2 0.900781 0.471875 0.032813 0.03125025
2 0.892188 0.50234375 0.034375 0.026562749999999996
0 0.8820309999999999 0.5273435 0.026561999999999995 0.02968725
0 0.88125 0.55781225 0.025 0.034374749999999996
0 0.8664059999999999 0.569531 0.026561999999999995 0.035937750000000004
