2 0.675781 0.27421850000000003 0.054688 0.05468775
1 0.530469 0.30078125 0.051562 0.05468775
1 0.569531 0.32343725 0.051562 0.059375250000000004
1 0.607031 0.35781275 0.051562 0.05000025
1 0.683594 0.38046875 0.060937 0.057812249999999996
1 0.522656 0.44218775 0.073438 0.05000025
1 0.626563 0.45468725 0.065625 0.05625
1 0.682813 0.49453099999999994 0.059375 0.057812249999999996
1 0.625 0.550781 0.06875 0.0609375
1 0.679688 0.6023435 0.065625 0.05468775
1 0.569531 0.51250025 0.064062 0.05625
0 0.516406 0.53593775 0.060937 0.07187475
0 0.496875 0.597656 0.04375 0.05468775
0 0.507031 0.659375 0.045312 0.075
0 0.555469 0.67578125 0.054688 0.0703125
0 0.572656 0.6023435 0.054688 0.06718725
0 0.629687 0.6492185 0.06875 0.0609375
0 0.69375 0.7007809999999999 0.059375 0.0796875
0 0.610156 0.80234375 0.054688 0.06718725
0 0.639062 0.8507809999999999 0.053125 0.04531275
0 0.696875 0.8421875 0.0625 0.06249975
0 0.710156 0.771875 0.048438 0.059375250000000004
0 0.929688 0.832031 0.046875 0.057812249999999996
0 0.978906 0.81171875 0.042188 0.0609375
1 0.909375 0.77343725 0.05 0.05625
1 0.947656 0.7445315000000001 0.064062 0.04843725
1 0.9523439999999999 0.68437475 0.048438 0.046875
1 0.910156 0.71796875 0.045312 0.04843725
2 0.898438 0.6601565 0.053125 0.04531275
2 0.896094 0.561719 0.051562 0.04843725
2 0.89375 0.6070309999999999 0.053125 0.04531275
2 0.957812 0.53437475 0.059375 0.05000025
2 0.963281 0.453125 0.057813 0.05312475
2 0.942969 0.5796875 0.054688 0.046875
