0 0.607031 0.2851565 0.026561999999999995 0.026562749999999996
0 0.608594 0.36171875 0.039062 0.0328125
0 0.736719 0.271094 0.029687 0.020312249999999997
0 0.75625 0.3546875 0.034375 0.034374749999999996
1 0.666406 0.33359375 0.051562 0.035937750000000004
2 0.667969 0.36562474999999994 0.054688 0.04062525
1 0.675781 0.410156 0.060937 0.04843725
1 0.704688 0.44765599999999994 0.046875 0.057812249999999996
1 0.757812 0.475781 0.059375 0.05468775
1 0.621094 0.4523435 0.045312 0.057812249999999996
2 0.624219 0.5249997499999999 0.051562 0.06875025
2 0.676562 0.48359375 0.05625 0.06406275
2 0.670312 0.5484372499999999 0.05 0.075
2 0.698438 0.53906225 0.059375 0.065625
2 0.760938 0.5601559999999999 0.0625 0.07343775
2 0.783594 0.62500025 0.064062 0.08124975
2 0.707031 0.59687525 0.073438 0.065625
2 0.733594 0.6585935 0.064062 0.09218775
1 0.8 0.678125 0.059375 0.084375
1 0.800781 0.715625 0.060937 0.075
1 0.742969 0.70625 0.051562 0.08750025
0 0.674219 0.6421872499999999 0.048438 0.08124975
0 0.63125 0.61953125 0.04375 0.0703125
0 0.638281 0.5851565 0.045312 0.06718725
