2 0.299219 0.2648435 0.051562 0.0703125
1 0.255469 0.3226565 0.048438 0.05468775
2 0.283594 0.35234375 0.057813 0.04843725
2 0.255469 0.40000025000000006 0.045312 0.059375250000000004
2 0.285938 0.43515650000000006 0.0625 0.05468775
2 0.261719 0.47968774999999997 0.054688 0.059375250000000004
2 0.298438 0.49843775 0.0625 0.05000025
2 0.26875 0.54453125 0.046875 0.05468775
1 0.303906 0.5703125 0.054688 0.05312475
2 0.286719 0.597656 0.042188 0.06406275
0 0.321094 0.63828125 0.045312 0.05468775
0 0.341406 0.702344 0.042188 0.04843725
0 0.321875 0.74375 0.059375 0.06249975
