2 0.315625 0.27187475 0.0625 0.06875025
2 0.4375 0.25312475 0.053125 0.065625
2 0.048438 0.5367184999999999 0.09375 0.08593724999999999
2 0.371094 0.31093775 0.045312 0.059375250000000004
2 0.344531 0.3492185 0.057813 0.06406275
2 0.403125 0.3398435 0.059375 0.06718725
2 0.45390600000000003 0.36562474999999994 0.054688 0.06249975
2 0.450781 0.43671875 0.054688 0.06718725
2 0.360156 0.39453125 0.057813 0.0703125
2 0.403906 0.47890625 0.070312 0.057812249999999996
1 0.322656 0.43124975 0.060937 0.06875025
1 0.346094 0.46171850000000003 0.057813 0.06718725
1 0.3125 0.48437525 0.059375 0.06875025
0 0.335938 0.5273435 0.065625 0.06718725
0 0.290625 0.575 0.05625 0.084375
0 0.417969 0.678125 0.042188 0.075
0 0.384375 0.646094 0.05625 0.06718725
1 0.388281 0.60546875 0.057813 0.0703125
1 0.439063 0.54062525 0.053125 0.059375250000000004
1 0.455469 0.50703125 0.051562 0.06406275
