2 0.498437 0.26328125 0.071875 0.057812249999999996
2 0.582812 0.30468725 0.053125 0.06249975
2 0.592969 0.41718725 0.054688 0.059375250000000004
2 0.539844 0.45156275 0.064062 0.06249975
2 0.624219 0.46874975 0.067187 0.065625
2 0.564844 0.5218752500000001 0.060937 0.07187475
2 0.639844 0.5328125 0.060937 0.065625
2 0.609375 0.5742185 0.065625 0.06406275
2 0.642969 0.59140625 0.054688 0.07343775
1 0.653125 0.6390627500000001 0.053125 0.059375250000000004
0 0.607031 0.6859377500000001 0.060937 0.06249975
0 0.649219 0.68515625 0.067187 0.0609375
0 0.632812 0.74218775 0.059375 0.06249975
0 0.61875 0.76093775 0.053125 0.07187475
0 0.653125 0.739844 0.05625 0.057812249999999996
2 0.8625 0.16093775 0.034375 0.04062525
2 0.8570309999999999 0.22109375 0.042188 0.03906225
2 0.942969 0.21640625 0.042188 0.035937750000000004
2 0.894531 0.265625 0.048438 0.03125025
2 0.9085940000000001 0.340625 0.039062 0.04062525
2 0.885156 0.42265625 0.060937 0.0703125
2 0.925 0.48281224999999994 0.059375 0.07187475
2 0.8820309999999999 0.51640625 0.067187 0.0609375
0 0.910937 0.57343775 0.05625 0.07187475
0 0.933594 0.61406225 0.054688 0.07187475
0 0.507031 0.3640625 0.029687 0.03125025
2 0.084375 0.24921875 0.0375 0.03906225
2 0.053905999999999996 0.3125 0.039062 0.03125025
2 0.027344 0.335156 0.042188 0.03906225
2 0.011719 0.26249975000000003 0.020313 0.043749750000000004
