2 0.653906 0.32109350000000003 0.045312 0.04531275
2 0.642969 0.38125025 0.048438 0.05312475
2 0.685937 0.36562474999999994 0.05625 0.043749750000000004
2 0.735938 0.36640625 0.046875 0.06406275
2 0.764062 0.3867185 0.059375 0.05468775
2 0.685156 0.41249974999999994 0.057813 0.05000025
2 0.634375 0.457031 0.046875 0.05468775
2 0.730469 0.44140625 0.051562 0.05468775
2 0.671094 0.48749975 0.051562 0.05625
2 0.736719 0.475781 0.070312 0.05468775
2 0.719531 0.5101565000000001 0.064062 0.0515625
2 0.739062 0.54374975 0.065625 0.05625
2 0.720313 0.57656225 0.06875 0.06249975
1 0.664062 0.6210935 0.053125 0.06406275
1 0.742188 0.616406 0.05 0.06718725
1 0.760938 0.68515625 0.05625 0.07343775
0 0.671875 0.56249975 0.04375 0.05312475
0 0.616406 0.569531 0.039062 0.03906225
0 0.6125 0.62812475 0.05 0.06249975
0 0.595313 0.69062525 0.046875 0.059375250000000004
0 0.648438 0.7164065 0.04375 0.07656225
0 0.653906 0.6695315 0.042188 0.04843725
0 0.804688 0.74218775 0.053125 0.07812525000000001
0 0.779687 0.7523435 0.05 0.07656225
