2 0.282813 0.25859375 0.05625 0.07343775
2 0.347656 0.35 0.051562 0.06249975
2 0.264844 0.38828150000000006 0.054688 0.06406275
2 0.275781 0.4625 0.054688 0.05312475
2 0.342187 0.4296875 0.05625 0.05625
2 0.330469 0.48749975 0.051562 0.05000025
2 0.3125 0.575 0.046875 0.05312475
2 0.29375 0.655469 0.05625 0.05468775
1 0.258594 0.61015625 0.051562 0.0515625
1 0.267969 0.5367184999999999 0.048438 0.05468775
1 0.271094 0.7351565 0.054688 0.05468775
0 0.24375 0.78437525 0.05625 0.05312475
0 0.22968700000000003 0.69921875 0.053125 0.04843725
0 0.191406 0.8101565000000001 0.051562 0.0515625
0 0.264844 0.8367184999999999 0.054688 0.05468775
2 0.8835940000000001 0.37187525 0.054688 0.043749750000000004
2 0.8445310000000001 0.39921875 0.048438 0.0328125
2 0.939063 0.3117185 0.04375 0.04531275
1 0.9039059999999999 0.2929685 0.048438 0.03906225
1 0.867188 0.3171875 0.046875 0.043749750000000004
