2 0.221875 0.2757815 0.065625 0.0796875
2 0.235156 0.382031 0.057813 0.06718725
2 0.30625 0.30078125 0.05 0.04531275
2 0.283594 0.415625 0.060937 0.05312475
2 0.225 0.46093775 0.059375 0.06249975
2 0.226562 0.52578125 0.0625 0.0609375
2 0.270313 0.4859375 0.065625 0.05625
2 0.25625 0.55859375 0.065625 0.0609375
1 0.22265600000000002 0.597656 0.054688 0.0609375
1 0.242188 0.6625002500000001 0.05625 0.06875025
0 0.283594 0.6125 0.048438 0.05625
0 0.299219 0.728906 0.057813 0.07656225
0 0.31875 0.76874975 0.03125 0.05312475
0 0.264844 0.8195315000000001 0.048438 0.05468775
2 0.982812 0.6226565 0.034375 0.05468775
2 0.976562 0.69062525 0.046875 0.065625
2 0.970313 0.730469 0.059375 0.05468775
0 0.9679689999999999 0.79296875 0.057813 0.04843725
0 0.9679689999999999 0.8523440000000001 0.064062 0.0421875
