2 0.1625 0.28671875 0.075 0.0703125
2 0.342969 0.278906 0.060937 0.07343775
2 0.139844 0.36171875 0.067187 0.0703125
2 0.202344 0.3492185 0.060937 0.06406275
2 0.270313 0.3601565 0.065625 0.06406275
2 0.269531 0.428906 0.064062 0.07343775
2 0.311719 0.3960935 0.067187 0.07343775
2 0.274219 0.496094 0.057813 0.0609375
2 0.3 0.5703125 0.0625 0.065625
2 0.335156 0.5234375 0.064062 0.05312475
1 0.195312 0.39765649999999997 0.0625 0.06406275
2 0.12265600000000002 0.43281274999999997 0.070312 0.06249975
2 0.126562 0.51640625 0.06875 0.07343775
2 0.183594 0.4804685 0.073438 0.06718725
1 0.183594 0.56328125 0.073438 0.06718725
0 0.11796900000000002 0.6039065000000001 0.057813 0.06718725
0 0.169531 0.6546875 0.057813 0.08124975
0 0.126562 0.69062525 0.059375 0.059375250000000004
0 0.203125 0.691406 0.046875 0.0609375
0 0.305469 0.621875 0.039062 0.043749750000000004
0 0.304688 0.6585935 0.040625 0.04531275
0 0.354687 0.58124975 0.046875 0.065625
0 0.378906 0.71328125 0.054688 0.07343775
0 0.322656 0.74375 0.060937 0.07187475
