2 0.221875 0.34453100000000003 0.05625 0.05468775
2 0.21406200000000003 0.457031 0.059375 0.05468775
2 0.289062 0.42187475 0.053125 0.05312475
2 0.276562 0.48906275 0.053125 0.05312475
2 0.282813 0.5421875 0.040625 0.04062525
2 0.22343799999999997 0.528125 0.053125 0.05625
2 0.228125 0.59140625 0.05 0.04531275
2 0.285156 0.60937475 0.048438 0.05000025
2 0.291406 0.6585935 0.051562 0.0515625
2 0.244531 0.64296875 0.048438 0.04843725
2 0.235937 0.69921875 0.05 0.05468775
2 0.275 0.71796875 0.05 0.057812249999999996
1 0.292187 0.7679690000000001 0.04375 0.0609375
0 0.250781 0.7476559999999999 0.039062 0.0609375
0 0.1875 0.17343725000000002 0.05 0.07187475
0 0.153125 0.1671875 0.04375 0.06875025
0 0.663281 0.21718774999999998 0.067187 0.09062475
0 0.717969 0.1671875 0.064062 0.08124975
0 0.752344 0.20234375 0.051562 0.07656225
0 0.860938 0.157031 0.05 0.04843725
0 0.8757810000000001 0.29999975 0.079687 0.09062475
0 0.934375 0.25390625 0.065625 0.09531225
