2 0.447656 0.340625 0.067187 0.059375250000000004
2 0.521094 0.336719 0.079687 0.05468775
1 0.554688 0.38984375 0.075 0.04843725
1 0.555469 0.4671875 0.076563 0.05312475
1 0.461719 0.51562475 0.070312 0.043749750000000004
1 0.475 0.55625 0.075 0.05000025
1 0.49531200000000003 0.62812475 0.0625 0.05312475
0 0.4625 0.38984375 0.071875 0.035937750000000004
0 0.458594 0.46796899999999997 0.073438 0.0515625
0 0.516406 0.4335935 0.060937 0.057812249999999996
0 0.538281 0.51718775 0.079687 0.05625
0 0.567187 0.56718725 0.065625 0.043749750000000004
0 0.590625 0.621875 0.05 0.05625
0 0.625 0.63359375 0.046875 0.05468775
0 0.530469 0.67109375 0.045312 0.0609375
0 0.560156 0.67968725 0.048438 0.065625
0 0.513281 0.71718725 0.042188 0.07187475
0 0.5375 0.7296875 0.04375 0.08124975
