0 0.239844 0.336719 0.039062 0.03906225
0 0.325781 0.38828150000000006 0.035937 0.03906225
1 0.321094 0.49375025000000006 0.051562 0.043749750000000004
1 0.255469 0.53515625 0.054688 0.04843725
2 0.299219 0.5648435 0.067187 0.0609375
2 0.334375 0.6070309999999999 0.05625 0.057812249999999996
2 0.234375 0.60468725 0.071875 0.059375250000000004
2 0.25 0.66640625 0.065625 0.07656225
2 0.321094 0.67187525 0.070312 0.084375
2 0.276562 0.7210940000000001 0.06875 0.08281275
1 0.329688 0.80234375 0.065625 0.08593724999999999
0 0.36875 0.7445315000000001 0.065625 0.08281275
2 0.896875 0.17890625 0.075 0.08281275
2 0.8976559999999999 0.13671875 0.085938 0.020312249999999997
2 0.978906 0.7015625 0.042188 0.05000025
2 0.9679689999999999 0.74531225 0.057813 0.0375
2 0.925 0.73750025 0.059375 0.04062525
2 0.954688 0.696875 0.053125 0.043749750000000004
2 0.935937 0.6882815 0.059375 0.0421875
