2 0.382812 0.32734399999999997 0.065625 0.0609375
2 0.271094 0.37499975 0.057813 0.06249975
2 0.324219 0.42812525 0.064062 0.06875025
2 0.260937 0.45468725 0.053125 0.059375250000000004
2 0.310156 0.509375 0.060937 0.065625
2 0.275 0.5375 0.059375 0.06249975
2 0.307812 0.5835934999999999 0.05625 0.057812249999999996
2 0.257812 0.6078125 0.05625 0.065625
1 0.308594 0.65703125 0.064062 0.06718725
1 0.270313 0.69374975 0.053125 0.075
0 0.342187 0.72656225 0.05 0.06875025
0 0.263281 0.758594 0.045312 0.06718725
0 0.299219 0.786719 0.054688 0.06718725
0 0.332031 0.8171877500000001 0.045312 0.07812525000000001
0 0.283594 0.81171875 0.045312 0.07343775
0 0.675 0.149219 0.040625 0.04531275
0 0.682813 0.21093725000000002 0.05 0.059375250000000004
0 0.720313 0.177344 0.0375 0.07343775
2 0.814063 0.5460935 0.040625 0.0328125
1 0.804688 0.575 0.034375 0.03125025
2 0.822656 0.61015625 0.045312 0.02968725
2 0.826562 0.6421872499999999 0.034375 0.04062525
0 0.817969 0.6773434999999999 0.035937 0.03906225
0 0.826562 0.7328127500000001 0.03125 0.046875
0 0.8195309999999999 0.76562525 0.023438 0.05000025
0 0.823438 0.7953125 0.025 0.04062525
0 0.799219 0.8007815 0.029687 0.04843725
2 0.675 0.8156247499999999 0.028125 0.04062525
2 0.746094 0.8601559999999999 0.035937 0.02968725
2 0.1875 0.46171850000000003 0.0375 0.04843725
2 0.139063 0.41171900000000006 0.0375 0.04531275
0 0.091406 0.36250024999999997 0.051562 0.03125025
