1 0.272656 0.3226565 0.067187 0.0515625
1 0.336719 0.2929685 0.057813 0.04843725
1 0.305469 0.359375 0.057813 0.05312475
1 0.228125 0.383594 0.0625 0.0609375
1 0.264844 0.40078099999999994 0.064062 0.05468775
1 0.217188 0.44140625 0.065625 0.0609375
0 0.264062 0.47343725000000003 0.0625 0.05312475
0 0.202344 0.51093725 0.064062 0.06249975
0 0.253125 0.54374975 0.065625 0.065625
0 0.497656 0.14687524999999998 0.045312 0.04062525
0 0.533594 0.16796899999999998 0.054688 0.06406275
0 0.219531 0.57343775 0.064062 0.075
0 0.260156 0.6078125 0.051562 0.065625
0 0.20703100000000002 0.6867185 0.057813 0.08281275
0 0.250781 0.70781225 0.057813 0.084375
2 0.9539060000000001 0.6601565 0.067187 0.06406275
2 0.914062 0.691406 0.059375 0.05468775
2 0.970313 0.72187475 0.059375 0.06249975
2 0.925 0.72187475 0.046875 0.06875025
1 0.945312 0.79375025 0.05 0.05312475
1 0.982812 0.83046875 0.034375 0.04843725
0 0.960938 0.83984375 0.040625 0.06406275
