2 0.233594 0.18125 0.057813 0.05625
2 0.332813 0.224219 0.046875 0.04843725
1 0.23828100000000002 0.26328125 0.051562 0.05468775
1 0.317969 0.32421875 0.042188 0.04843725
1 0.257031 0.355469 0.045312 0.0515625
1 0.320312 0.4015625 0.05 0.05000025
1 0.26875 0.43828100000000003 0.05625 0.0515625
1 0.324219 0.466406 0.054688 0.05468775
0 0.263281 0.505469 0.060937 0.0421875
0 0.314063 0.51718775 0.053125 0.05625
0 0.334375 0.5796875 0.04375 0.05625
0 0.329688 0.63281225 0.04375 0.06249975
0 0.272656 0.5601559999999999 0.051562 0.05468775
0 0.266406 0.61093775 0.045312 0.059375250000000004
0 0.289062 0.65234375 0.040625 0.06406275
