2 0.357812 0.359375 0.059375 0.06875025
1 0.285938 0.43124975 0.053125 0.05625
1 0.328125 0.453125 0.0625 0.05625
1 0.323437 0.52968725 0.0625 0.05000025
1 0.307031 0.59375 0.060937 0.05312475
1 0.26875 0.608594 0.05 0.05468775
1 0.29375 0.5554685 0.06875 0.0515625
1 0.28125 0.48828125 0.053125 0.04531275
0 0.249219 0.66640625 0.054688 0.04843725
0 0.307031 0.6585935 0.057813 0.0515625
0 0.307031 0.71875025 0.054688 0.05625
0 0.240625 0.7164065 0.05 0.0609375
0 0.248438 0.78828125 0.05 0.06406275
0 0.300781 0.76874975 0.045312 0.06875025
2 0.347656 0.76953125 0.032813 0.035937750000000004
2 0.344531 0.81250025 0.039062 0.05312475
0 0.467187 0.16562525 0.028125 0.05312475
0 0.4375 0.14375 0.03125 0.034374749999999996
0 0.496094 0.14531225 0.039062 0.0375
