2 0.25625 0.2664065 0.04375 0.057812249999999996
2 0.334375 0.335156 0.053125 0.05468775
2 0.232813 0.34843775 0.065625 0.065625
2 0.30625 0.42265625 0.065625 0.0609375
2 0.22343799999999997 0.43750025 0.0625 0.059375250000000004
2 0.271875 0.48203150000000006 0.06875 0.06406275
1 0.261719 0.54921875 0.057813 0.06406275
1 0.199219 0.55625 0.067187 0.06875025
1 0.244531 0.60546875 0.070312 0.0703125
1 0.196094 0.62343725 0.051562 0.084375
1 0.241406 0.65 0.060937 0.08750025
0 0.267188 0.69843725 0.0375 0.065625
0 0.253906 0.739844 0.045312 0.0796875
0 0.219531 0.73671875 0.048438 0.06406275
0 0.198437 0.69843725 0.046875 0.065625
