2 0.157812 0.383594 0.08125 0.06718725
1 0.244531 0.38515625 0.073438 0.07343775
1 0.224219 0.45546875 0.070312 0.06718725
1 0.145313 0.5101565000000001 0.06875 0.0609375
0 0.171875 0.62890625 0.0625 0.06406275
0 0.163281 0.70781225 0.064062 0.059375250000000004
0 0.15625 0.77812475 0.0625 0.065625
0 0.235937 0.78437525 0.059375 0.05625
0 0.25 0.7257815 0.053125 0.05468775
0 0.23203100000000002 0.6507815000000001 0.064062 0.06406275
0 0.311719 0.6125 0.060937 0.07187475
0 0.288281 0.561719 0.073438 0.0703125
0 0.224219 0.55468775 0.079687 0.06875025
0 0.267188 0.4898435 0.075 0.05468775
0 0.335938 0.4671875 0.065625 0.05312475
1 0.775 0.682031 0.040625 0.03906225
1 0.770312 0.71328125 0.046875 0.035937750000000004
0 0.839063 0.69843725 0.028125 0.04062525
0 0.807813 0.6789065 0.028125 0.03906225
0 0.834375 0.646094 0.034375 0.0328125
1 0.839063 0.6132815 0.0375 0.0421875
0 0.8117189999999999 0.7093752500000001 0.029687 0.04062525
