0 0.061719 0.15156275 0.045312 0.05000025
2 0.396094 0.30937475000000003 0.067187 0.06249975
2 0.46093799999999996 0.3171875 0.065625 0.075
2 0.35625 0.3921875 0.059375 0.065625
2 0.41093799999999997 0.3789065 0.059375 0.057812249999999996
2 0.374219 0.430469 0.064062 0.0609375
1 0.370312 0.5085934999999999 0.059375 0.06718725
1 0.326562 0.59999975 0.059375 0.06875025
1 0.355469 0.5687502500000001 0.067187 0.06249975
1 0.370312 0.63828125 0.06875 0.0703125
0 0.336719 0.71406275 0.051562 0.06875025
0 0.364844 0.7296875 0.057813 0.065625
1 0.591406 0.8429690000000001 0.070312 0.05468775
