2 0.396094 0.34687475 0.060937 0.06875025
2 0.316406 0.3789065 0.054688 0.057812249999999996
2 0.377344 0.4296875 0.054688 0.059375250000000004
2 0.313281 0.4578125 0.054688 0.05625
2 0.364063 0.49296875 0.05625 0.057812249999999996
2 0.302344 0.51250025 0.045312 0.0375
2 0.371875 0.55000025 0.046875 0.05000025
2 0.307031 0.56796875 0.042188 0.03906225
2 0.302344 0.63281225 0.054688 0.05625
2 0.353906 0.61406225 0.048438 0.05312475
2 0.35625 0.67656275 0.059375 0.065625
1 0.324219 0.70859375 0.064062 0.07656225
1 0.360938 0.73124975 0.05625 0.075
2 0.9125 0.5218752500000001 0.059375 0.05625
2 0.957812 0.5421875 0.059375 0.05625
2 0.884375 0.5375 0.053125 0.046875
1 0.871094 0.646094 0.039062 0.0515625
1 0.953125 0.715625 0.05625 0.043749750000000004
2 0.95 0.66875 0.071875 0.05000025
2 0.9375 0.6304684999999999 0.078125 0.03906225
1 0.928125 0.7328127500000001 0.04375 0.04062525
