2 0.292187 0.43828100000000003 0.053125 0.0609375
2 0.353906 0.46562525 0.060937 0.06249975
2 0.24375 0.46796899999999997 0.05 0.057812249999999996
2 0.295312 0.50624975 0.053125 0.065625
2 0.271094 0.522656 0.045312 0.0515625
2 0.28125 0.5703125 0.05625 0.05625
2 0.33125 0.5601559999999999 0.065625 0.06406275
2 0.320312 0.6265625 0.0625 0.059375250000000004
2 0.282031 0.6273440000000001 0.054688 0.0609375
2 0.3625 0.62343725 0.05625 0.05312475
1 0.22265600000000002 0.5273435 0.042188 0.04531275
1 0.220312 0.6023435 0.0625 0.06718725
1 0.264062 0.7109375 0.059375 0.05312475
1 0.315625 0.6742190000000001 0.05625 0.04843725
1 0.353906 0.67499975 0.048438 0.059375250000000004
