2 0.274219 0.1710935 0.051562 0.06406275
2 0.185938 0.38906224999999994 0.071875 0.06249975
1 0.153906 0.303125 0.067187 0.059375250000000004
1 0.2875 0.34843775 0.065625 0.05312475
1 0.301563 0.4390625 0.06875 0.06249975
0 0.217188 0.52968725 0.059375 0.059375250000000004
0 0.290625 0.53984375 0.065625 0.05468775
0 0.235156 0.6320315 0.051562 0.0515625
0 0.296875 0.63749975 0.053125 0.046875
0 0.267969 0.7257815 0.048438 0.0515625
0 0.295312 0.7671875 0.046875 0.05000025
0 0.324219 0.79765625 0.029687 0.035937750000000004
0 0.375 0.83515625 0.0375 0.05468775
0 0.35625 0.8367184999999999 0.034375 0.04843725
