2 0.198437 0.34218724999999994 0.059375 0.07812525000000001
2 0.167187 0.419531 0.065625 0.07656225
2 0.233594 0.41406275 0.067187 0.07812525000000001
2 0.2875 0.41718725 0.046875 0.07812525000000001
2 0.317188 0.47421875 0.0625 0.07343775
2 0.160156 0.496094 0.060937 0.07656225
2 0.23046899999999998 0.477344 0.070312 0.07343775
2 0.21875 0.5367184999999999 0.0625 0.07656225
2 0.153125 0.542969 0.0625 0.08593724999999999
2 0.317188 0.53515625 0.065625 0.0703125
1 0.3125 0.589844 0.059375 0.0703125
1 0.215625 0.5921877500000001 0.059375 0.06875025
2 0.163281 0.60625025 0.054688 0.07812525000000001
0 0.153125 0.68046875 0.05625 0.0796875
0 0.201563 0.67031225 0.04375 0.06875025
1 0.203125 0.636719 0.05625 0.0703125
1 0.280469 0.60156275 0.054688 0.065625
1 0.314844 0.64375025 0.057813 0.07187475
0 0.478125 0.1671875 0.046875 0.06875025
0 0.379688 0.15156275 0.05 0.05000025
0 0.327344 0.2273435 0.048438 0.06718725
0 0.379688 0.21484399999999998 0.053125 0.07343775
0 0.41093799999999997 0.20781275 0.05 0.065625
0 0.455469 0.2046875 0.060937 0.07812525000000001
2 0.785156 0.303125 0.029687 0.0375
2 0.767188 0.3320315 0.034375 0.0328125
2 0.8445310000000001 0.317969 0.029687 0.035937750000000004
2 0.757031 0.65 0.045312 0.028125
2 0.740625 0.66875 0.05 0.03125025
2 0.734375 0.7070315 0.05 0.03906225
2 0.727344 0.738281 0.045312 0.035937750000000004
0 0.719531 0.77890625 0.048438 0.03906225
0 0.713281 0.8171877500000001 0.045312 0.034374749999999996
0 0.720313 0.83593775 0.03125 0.0375
2 0.8773440000000001 0.6828125 0.026561999999999995 0.02499975
2 0.9039059999999999 0.65 0.026561999999999995 0.034374749999999996
