0 0.6625 0.2179685 0.04375 0.0609375
0 0.695312 0.177344 0.046875 0.06406275
0 0.8125 0.1710935 0.05 0.08281275
0 0.778906 0.19218725 0.048438 0.07812525000000001
2 0.557031 0.40781225 0.070312 0.065625
2 0.53125 0.490625 0.075 0.05312475
2 0.519531 0.56249975 0.064062 0.05625
2 0.502344 0.57656225 0.064062 0.046875
2 0.513281 0.62343725 0.057813 0.043749750000000004
2 0.482812 0.62812475 0.05625 0.046875
2 0.48906299999999997 0.67031225 0.0625 0.05000025
2 0.485938 0.715625 0.059375 0.05312475
0 0.497656 0.7539065 0.045312 0.0609375
0 0.520312 0.766406 0.0375 0.05468775
