2 0.377344 0.33828125 0.064062 0.05468775
2 0.42109399999999997 0.31015625 0.060937 0.035937750000000004
2 0.413281 0.4054685 0.057813 0.04843725
2 0.440625 0.47421875 0.05 0.05468775
2 0.394531 0.4859375 0.048438 0.046875
2 0.425781 0.52968725 0.051562 0.065625
2 0.386719 0.542969 0.048438 0.05468775
1 0.394531 0.6023435 0.039062 0.057812249999999996
1 0.43125 0.589844 0.04375 0.05468775
1 0.435156 0.636719 0.048438 0.06406275
0 0.389844 0.6585935 0.039062 0.057812249999999996
0 0.434375 0.683594 0.05 0.057812249999999996
0 0.447656 0.76874975 0.039062 0.06249975
0 0.409375 0.7484375 0.0375 0.06249975
1 0.101562 0.7242184999999999 0.05 0.02968725
1 0.10625 0.76562525 0.04375 0.02499975
1 0.104688 0.8171877500000001 0.040625 0.0375
1 0.096875 0.8546877500000001 0.053125 0.04062525
0 0.782031 0.157031 0.054688 0.0609375
0 0.778906 0.22109375 0.051562 0.06406275
0 0.79375 0.2929685 0.053125 0.0796875
0 0.882812 0.33749975 0.05625 0.075
0 0.8195309999999999 0.37968725000000003 0.051562 0.07812525000000001
0 0.8460940000000001 0.40781225 0.064062 0.07812525000000001
0 0.89375 0.453125 0.046875 0.06875025
