2 0.648438 0.396875 0.075 0.06249975
2 0.620313 0.46093775 0.075 0.059375250000000004
2 0.608594 0.524219 0.070312 0.057812249999999996
2 0.654687 0.524219 0.065625 0.05468775
2 0.708594 0.4203125 0.067187 0.05625
2 0.675781 0.46171850000000003 0.060937 0.06406275
2 0.764062 0.46562525 0.0625 0.06875025
1 0.56875 0.60078125 0.059375 0.04843725
0 0.632812 0.58124975 0.0625 0.059375250000000004
0 0.709375 0.5085934999999999 0.059375 0.04843725
0 0.703125 0.5835934999999999 0.05625 0.06718725
0 0.753125 0.5687502500000001 0.059375 0.05625
0 0.739062 0.6265625 0.053125 0.05312475
0 0.686719 0.6390627500000001 0.057813 0.05625
0 0.734375 0.6882815 0.05625 0.0796875
0 0.685156 0.70468775 0.054688 0.065625
0 0.598437 0.64296875 0.05625 0.05468775
0 0.590625 0.6921875 0.0625 0.065625
0 0.583594 0.76093775 0.064062 0.06875025
0 0.536719 0.7765625 0.048438 0.06249975
