2 0.535156 0.39765649999999997 0.054688 0.07656225
2 0.621094 0.38828150000000006 0.064062 0.06718725
2 0.577344 0.453125 0.054688 0.059375250000000004
1 0.690625 0.410156 0.05 0.04843725
1 0.623437 0.4726565 0.05 0.05468775
2 0.696875 0.5 0.053125 0.05312475
1 0.58125 0.532031 0.046875 0.05468775
1 0.627344 0.54453125 0.057813 0.06406275
2 0.694531 0.5703125 0.054688 0.07187475
2 0.648438 0.59375 0.05 0.065625
2 0.5 0.5851565 0.05 0.0609375
2 0.560156 0.6132815 0.051562 0.06406275
2 0.564063 0.68125025 0.053125 0.06249975
2 0.510938 0.6585935 0.046875 0.0609375
2 0.5 0.7164065 0.05 0.0703125
2 0.542969 0.74999975 0.051562 0.08124975
0 0.504687 0.7578125 0.0375 0.05000025
0 0.514844 0.8132809999999999 0.045312 0.06406275
0 0.553906 0.785156 0.048438 0.06718725
0 0.636719 0.6390627500000001 0.042188 0.05625
0 0.673438 0.6539059999999999 0.05 0.07343775
0 0.696094 0.616406 0.054688 0.06718725
0 0.517969 0.4625 0.032813 0.03125025
