1 0.135937 0.246875 0.046875 0.043749750000000004
1 0.196875 0.29609375 0.05625 0.04843725
2 0.148438 0.37578125 0.065625 0.05468775
1 0.203125 0.34843775 0.08125 0.05625
2 0.175 0.4539065 0.078125 0.0703125
2 0.23046899999999998 0.48749975 0.070312 0.07812525000000001
2 0.173437 0.5179685 0.071875 0.0703125
2 0.219531 0.5835934999999999 0.079687 0.08281275
2 0.157031 0.60625025 0.079687 0.084375
2 0.19375 0.64375025 0.071875 0.09999975000000001
1 0.213281 0.70000025 0.064062 0.07812525000000001
0 0.24609399999999998 0.7617185 0.064062 0.0890625
0 0.264844 0.8179684999999999 0.054688 0.08593724999999999
2 0.942187 0.5703125 0.028125 0.034374749999999996
2 0.857812 0.53984375 0.025 0.026562749999999996
2 0.8835940000000001 0.5921877500000001 0.029687 0.043749750000000004
2 0.916406 0.64296875 0.032813 0.03906225
2 0.8507809999999999 0.62890625 0.035937 0.0421875
2 0.871875 0.65312525 0.034375 0.0375
2 0.8601560000000001 0.69062525 0.035937 0.0375
2 0.914062 0.6921875 0.0375 0.043749750000000004
2 0.892188 0.72734375 0.0375 0.0421875
2 0.8617190000000001 0.73671875 0.039062 0.0421875
0 0.791406 0.67968725 0.029687 0.043749750000000004
0 0.826562 0.67187525 0.028125 0.0375
0 0.822656 0.715625 0.029687 0.043749750000000004
0 0.8148440000000001 0.74375 0.032813 0.04062525
0 0.76875 0.75078125 0.0375 0.0421875
0 0.760938 0.785156 0.03125 0.0421875
0 0.783594 0.77890625 0.029687 0.0421875
2 0.685937 0.8421875 0.040625 0.059375250000000004
0 0.8507809999999999 0.771875 0.032813 0.04062525
0 0.895312 0.7593747499999999 0.03125 0.034374749999999996
0 0.8929690000000001 0.785156 0.039062 0.0421875
0 0.8835940000000001 0.81875 0.035937 0.043749750000000004
0 0.8898439999999999 0.8476565 0.029687 0.04531275
0 0.855469 0.8218752500000001 0.029687 0.04062525
0 0.8664059999999999 0.8476565 0.026561999999999995 0.04531275
