2 0.21484399999999998 0.5234375 0.070312 0.059375250000000004
2 0.133594 0.5476565 0.060937 0.05468775
2 0.185938 0.5890625 0.059375 0.059375250000000004
1 0.167969 0.6453125 0.051562 0.043749750000000004
1 0.1125 0.66093725 0.05 0.043749750000000004
1 0.164062 0.683594 0.053125 0.0515625
1 0.089844 0.7124997499999999 0.054688 0.05312475
1 0.158594 0.7390625 0.057813 0.059375250000000004
1 0.110937 0.758594 0.053125 0.05468775
0 0.153125 0.8101565000000001 0.053125 0.057812249999999996
0 0.105469 0.8335940000000001 0.048438 0.05468775
0 0.716406 0.532031 0.051562 0.057812249999999996
0 0.699219 0.53984375 0.048438 0.04843725
0 0.726562 0.58593725 0.046875 0.06249975
0 0.686719 0.5945315 0.054688 0.057812249999999996
2 0.729688 0.47812475 0.05625 0.046875
2 0.710156 0.48749975 0.057813 0.046875
1 0.732812 0.425 0.065625 0.043749750000000004
2 0.707031 0.43750025 0.064062 0.05000025
2 0.738281 0.3601565 0.067187 0.04843725
2 0.771875 0.30625025 0.065625 0.05000025
2 0.717187 0.31562524999999997 0.05625 0.05312475
2 0.7 0.372656 0.059375 0.0515625
