2 0.290625 0.27812525 0.05625 0.07812525000000001
2 0.420312 0.307031 0.05625 0.07343775
2 0.364844 0.35703125 0.057813 0.0703125
2 0.275781 0.434375 0.060937 0.06875025
2 0.366406 0.41484350000000003 0.057813 0.06718725
2 0.403906 0.39140600000000003 0.064062 0.0703125
2 0.41093799999999997 0.44765599999999994 0.053125 0.06406275
1 0.28125 0.4992185 0.053125 0.06718725
1 0.279687 0.5648435 0.0625 0.0703125
1 0.332813 0.52968725 0.059375 0.065625
2 0.314063 0.46562525 0.06875 0.05625
1 0.388281 0.486719 0.051562 0.07343775
1 0.432031 0.509375 0.054688 0.07187475
1 0.389844 0.55625 0.051562 0.06249975
1 0.442969 0.56796875 0.054688 0.0703125
0 0.345313 0.588281 0.053125 0.05468775
0 0.41875 0.60468725 0.05 0.06875025
0 0.285156 0.6359375 0.060937 0.084375
0 0.33125 0.6734375 0.046875 0.06249975
0 0.353906 0.74062475 0.060937 0.06875025
0 0.325781 0.77343725 0.060937 0.08124975
0 0.9695310000000001 0.7562502500000001 0.051562 0.065625
2 0.764062 0.27343775 0.05 0.059375250000000004
0 0.655469 0.22656274999999998 0.048438 0.05000025
0 0.611719 0.2664065 0.035937 0.05468775
0 0.588281 0.29687525 0.032813 0.046875
0 0.571094 0.29765600000000003 0.029687 0.04843725
