2 0.5375 0.346094 0.053125 0.07343775
2 0.642188 0.36484400000000006 0.046875 0.05468775
2 0.602344 0.396875 0.048438 0.065625
2 0.553906 0.40859375 0.057813 0.06406275
2 0.511719 0.43593724999999994 0.057813 0.075
2 0.544531 0.48359375 0.064062 0.06406275
2 0.609375 0.475781 0.053125 0.06718725
2 0.651563 0.44999975000000003 0.05 0.07812525000000001
2 0.642969 0.51171875 0.048438 0.06718725
2 0.60625 0.54374975 0.046875 0.06875025
2 0.548438 0.552344 0.059375 0.0703125
2 0.507812 0.51718775 0.053125 0.06875025
1 0.501563 0.62890625 0.04375 0.07656225
2 0.548438 0.6070309999999999 0.05 0.07343775
1 0.642969 0.5664065 0.048438 0.0796875
0 0.599219 0.59687525 0.048438 0.065625
0 0.652344 0.66093725 0.048438 0.09062475
0 0.622656 0.67656275 0.039062 0.08750025
1 0.551562 0.67187525 0.04375 0.08124975
1 0.50625 0.67968725 0.040625 0.07812525000000001
