2 0.486719 0.22578125 0.067187 0.06718725
1 0.575 0.325781 0.053125 0.06718725
1 0.497656 0.3867185 0.054688 0.06406275
1 0.564063 0.43671875 0.059375 0.0609375
1 0.513281 0.4804685 0.054688 0.057812249999999996
1 0.571094 0.532031 0.051562 0.05468775
1 0.586719 0.5984375 0.054688 0.06249975
0 0.521875 0.57812525 0.05 0.059375250000000004
0 0.528906 0.635156 0.057813 0.0609375
0 0.575781 0.65703125 0.051562 0.05468775
0 0.534375 0.70468775 0.05 0.059375250000000004
0 0.55 0.7679690000000001 0.05 0.057812249999999996
0 0.585156 0.71875025 0.048438 0.05312475
0 0.607031 0.76484375 0.048438 0.057812249999999996
0 0.617969 0.8218752500000001 0.039062 0.05625
0 0.58125 0.8226559999999999 0.040625 0.06406275
0 0.3 0.78906275 0.040625 0.04062525
