1 0.101562 0.2703125 0.08125 0.08124975
1 0.2375 0.36875 0.065625 0.07812525000000001
1 0.125 0.41249974999999994 0.075 0.07812525000000001
2 0.197656 0.457031 0.073438 0.07656225
1 0.125781 0.49218725 0.073438 0.07187475
1 0.115625 0.61484375 0.071875 0.06406275
1 0.203906 0.640625 0.054688 0.05312475
1 0.121875 0.69453125 0.071875 0.06718725
1 0.171875 0.7093752500000001 0.071875 0.06875025
1 0.130469 0.758594 0.064062 0.0703125
1 0.135937 0.8343747499999999 0.0625 0.075
0 0.199219 0.7820315 0.064062 0.06406275
0 0.2 0.8484372499999999 0.05625 0.05312475
2 0.760156 0.18906275 0.054688 0.075
2 0.828125 0.21640625 0.053125 0.06718725
2 0.8742189999999999 0.29062475 0.032813 0.03125025
2 0.8835940000000001 0.340625 0.054688 0.046875
2 0.8882809999999999 0.37734349999999994 0.060937 0.04843725
2 0.871094 0.4015625 0.070312 0.05000025
2 0.865625 0.4390625 0.071875 0.043749750000000004
0 0.85 0.48828125 0.06875 0.04531275
0 0.8445310000000001 0.53906225 0.048438 0.05312475
