2 0.235937 0.35078149999999997 0.071875 0.0796875
2 0.301563 0.335156 0.075 0.0796875
2 0.386719 0.3359375 0.073438 0.07812525000000001
2 0.329688 0.4070315 0.065625 0.06718725
2 0.219531 0.41249974999999994 0.064062 0.06875025
2 0.217969 0.49218725 0.067187 0.06875025
2 0.253906 0.541406 0.064062 0.07343775
2 0.278125 0.4804685 0.0625 0.07343775
2 0.334375 0.477344 0.071875 0.07656225
2 0.389844 0.45546875 0.064062 0.06718725
2 0.396094 0.5203122499999999 0.064062 0.05312475
2 0.328125 0.55937525 0.05625 0.046875
2 0.3875 0.58593725 0.065625 0.05312475
2 0.330469 0.62031275 0.054688 0.05625
2 0.374219 0.646094 0.060937 0.0609375
2 0.339062 0.6890622499999999 0.059375 0.07187475
0 0.386719 0.7148435 0.048438 0.06406275
0 0.364063 0.7429685 0.046875 0.07343775
0 0.192969 0.584375 0.070312 0.07187475
2 0.8835940000000001 0.15937475 0.051562 0.065625
2 0.9289059999999999 0.19218725 0.064062 0.06249975
2 0.8835940000000001 0.21718774999999998 0.054688 0.059375250000000004
2 0.923438 0.2554685 0.05 0.0609375
0 0.880469 0.29375 0.045312 0.059375250000000004
0 0.917188 0.33281225000000003 0.053125 0.06875025
0 0.9125 0.3867185 0.05 0.06406275
