2 0.192188 0.28281275 0.059375 0.05000025
2 0.16875 0.37031225 0.06875 0.065625
2 0.264844 0.34843775 0.048438 0.05625
2 0.246875 0.449219 0.065625 0.0703125
2 0.179688 0.42187475 0.065625 0.059375250000000004
2 0.171094 0.48437525 0.070312 0.065625
2 0.178125 0.55312475 0.059375 0.06249975
2 0.228906 0.51171875 0.057813 0.07343775
2 0.241406 0.5945315 0.057813 0.07343775
0 0.175 0.63125 0.053125 0.06249975
0 0.16875 0.6960935 0.046875 0.06406275
0 0.199219 0.73124975 0.057813 0.07187475
0 0.23671899999999998 0.702344 0.045312 0.04843725
0 0.220312 0.64765625 0.05625 0.0703125
2 0.9242190000000001 0.69921875 0.051562 0.05468775
2 0.978906 0.64765625 0.042188 0.04843725
2 0.932813 0.6492185 0.065625 0.04531275
0 0.96875 0.59999975 0.059375 0.046875
0 0.542188 0.25390625 0.0375 0.04843725
0 0.5875 0.24609350000000002 0.034375 0.0328125
2 0.632812 0.22578125 0.046875 0.05468775
2 0.65 0.2 0.046875 0.046875
