2 0.227344 0.33281225000000003 0.054688 0.059375250000000004
2 0.170313 0.36718775 0.05625 0.05312475
2 0.31875 0.34375025 0.053125 0.06249975
2 0.23125 0.39374975 0.059375 0.06249975
2 0.305469 0.42812525 0.060937 0.06875025
2 0.254688 0.4578125 0.046875 0.06249975
1 0.157812 0.43750025 0.05625 0.059375250000000004
1 0.2125 0.48828125 0.0625 0.05468775
1 0.15625 0.50781275 0.059375 0.06249975
2 0.30625 0.49140649999999997 0.053125 0.0703125
2 0.255469 0.5421875 0.051562 0.06875025
2 0.257031 0.60156275 0.057813 0.059375250000000004
2 0.307812 0.5718747499999999 0.05625 0.06249975
2 0.303125 0.6421872499999999 0.053125 0.06875025
0 0.3 0.719531 0.059375 0.07343775
0 0.295312 0.77812475 0.05 0.075
0 0.25625 0.7484375 0.040625 0.075
0 0.258594 0.682031 0.048438 0.07343775
0 0.208594 0.54453125 0.048438 0.0609375
0 0.210938 0.59140625 0.046875 0.0703125
0 0.165625 0.56328125 0.059375 0.06406275
0 0.171094 0.608594 0.051562 0.06718725
