2 0.314844 0.241406 0.051562 0.07343775
2 0.3875 0.317969 0.059375 0.0703125
2 0.299219 0.34843775 0.054688 0.06875025
2 0.372656 0.4109375 0.054688 0.065625
2 0.307812 0.43203125 0.059375 0.06718725
2 0.342187 0.48281224999999994 0.0625 0.065625
1 0.291406 0.49765625 0.051562 0.057812249999999996
1 0.332031 0.5476565 0.057813 0.06406275
1 0.265625 0.57265625 0.059375 0.0703125
1 0.314844 0.60078125 0.054688 0.057812249999999996
0 0.244531 0.640625 0.045312 0.06249975
0 0.226562 0.6960935 0.053125 0.0609375
0 0.275 0.719531 0.0625 0.07656225
0 0.340625 0.6679685 0.053125 0.07343775
0 0.3125 0.7578125 0.0625 0.084375
0 0.271875 0.7992185 0.046875 0.07343775
1 0.863281 0.1953125 0.045312 0.043749750000000004
1 0.8257809999999999 0.20312524999999998 0.042188 0.0375
1 0.848437 0.246875 0.040625 0.043749750000000004
