2 0.188281 0.41875025 0.054688 0.05312475
2 0.234375 0.3867185 0.05 0.05468775
2 0.264062 0.4164065 0.046875 0.05468775
2 0.310937 0.43828100000000003 0.059375 0.05468775
2 0.226562 0.45546875 0.053125 0.0609375
2 0.258594 0.46874975 0.054688 0.05000025
2 0.180469 0.47500025 0.060937 0.065625
2 0.166406 0.5249997499999999 0.057813 0.05625
2 0.24609399999999998 0.5367184999999999 0.064062 0.06718725
2 0.3 0.51171875 0.059375 0.0609375
2 0.289062 0.56328125 0.059375 0.06406275
2 0.225781 0.56249975 0.057813 0.065625
2 0.260937 0.57812525 0.053125 0.08124975
2 0.289062 0.61015625 0.059375 0.0703125
0 0.19375 0.569531 0.053125 0.06718725
0 0.311719 0.6789065 0.035937 0.0515625
0 0.26875 0.69843725 0.05625 0.06875025
0 0.3 0.72265625 0.05 0.07656225
