2 0.551562 0.38906224999999994 0.06875 0.06249975
2 0.546875 0.457031 0.059375 0.06718725
2 0.632031 0.39453125 0.067187 0.0703125
2 0.601562 0.44062475 0.065625 0.059375250000000004
1 0.546094 0.51875 0.060937 0.059375250000000004
1 0.548438 0.5796875 0.059375 0.059375250000000004
1 0.613281 0.60937475 0.060937 0.06249975
1 0.622656 0.54453125 0.048438 0.057812249999999996
1 0.607812 0.49765625 0.059375 0.06718725
1 0.73125 0.43281274999999997 0.059375 0.07187475
1 0.692969 0.4726565 0.060937 0.06406275
0 0.684375 0.5273435 0.0625 0.06406275
0 0.713281 0.57265625 0.051562 0.06406275
0 0.7375 0.589844 0.046875 0.06718725
0 0.607031 0.6679685 0.057813 0.07343775
0 0.560937 0.65 0.053125 0.06875025
2 0.9 0.753125 0.071875 0.075
2 0.9523439999999999 0.78437525 0.079687 0.059375250000000004
2 0.875 0.8554685 0.071875 0.03906225
2 0.9820309999999999 0.84921875 0.035937 0.0515625
