2 0.424219 0.31562524999999997 0.060937 0.065625
1 0.540625 0.28124975 0.0625 0.06875025
1 0.583594 0.35156225 0.064062 0.06875025
1 0.478906 0.35312525000000006 0.054688 0.05312475
1 0.521875 0.40859375 0.065625 0.0609375
1 0.6 0.43124975 0.06875 0.06875025
0 0.557813 0.5101565000000001 0.06875 0.06718725
0 0.613281 0.51718775 0.070312 0.065625
0 0.567187 0.60078125 0.0625 0.07343775
0 0.591406 0.65312525 0.067187 0.07187475
0 0.639062 0.655469 0.059375 0.07343775
1 0.8757810000000001 0.565625 0.067187 0.05625
1 0.871875 0.6070309999999999 0.06875 0.05468775
2 0.923438 0.43671875 0.0625 0.0421875
0 0.854688 0.6585935 0.046875 0.04531275
