2 0.46406200000000003 0.2851565 0.0625 0.057812249999999996
2 0.359375 0.359375 0.05 0.05625
2 0.35625 0.439844 0.05625 0.0515625
2 0.427344 0.41718725 0.060937 0.05000025
2 0.351562 0.49140649999999997 0.053125 0.04843725
2 0.397656 0.4726565 0.048438 0.0421875
2 0.341406 0.5718747499999999 0.051562 0.05625
1 0.395313 0.54453125 0.053125 0.04531275
1 0.342187 0.617969 0.05 0.04531275
1 0.383594 0.599219 0.054688 0.04843725
0 0.36875 0.65312525 0.05 0.046875
0 0.353125 0.7015625 0.04375 0.05625
