2 0.43671899999999997 0.34296875 0.054688 0.06718725
2 0.447656 0.42265625 0.064062 0.0609375
2 0.40546899999999997 0.46171850000000003 0.064062 0.06406275
2 0.435937 0.5007815 0.06875 0.05468775
2 0.40703100000000003 0.528125 0.064062 0.05000025
2 0.439063 0.5742185 0.0625 0.04843725
2 0.41093799999999997 0.60546875 0.078125 0.04843725
2 0.375 0.63359375 0.05625 0.057812249999999996
2 0.404687 0.6546875 0.065625 0.05312475
2 0.374219 0.68515625 0.060937 0.057812249999999996
2 0.369531 0.7523435 0.064062 0.06406275
2 0.334375 0.777344 0.046875 0.05468775
2 0.90625 0.17500025 0.04375 0.04062525
2 0.8976559999999999 0.22656274999999998 0.039062 0.04062525
2 0.8898439999999999 0.269531 0.035937 0.04531275
2 0.932813 0.2195315 0.034375 0.035937750000000004
2 0.964844 0.228125 0.042188 0.0375
2 0.91875 0.25625 0.03125 0.0375
2 0.947656 0.25390625 0.039062 0.03906225
2 0.932813 0.29999975 0.04375 0.0375
2 0.979688 0.27734375 0.0375 0.035937750000000004
2 0.960938 0.32500025 0.04375 0.046875
