2 0.65 0.38906224999999994 0.059375 0.059375250000000004
2 0.583594 0.457031 0.051562 0.05468775
2 0.625781 0.48125 0.054688 0.059375250000000004
2 0.586719 0.53046875 0.048438 0.0515625
0 0.636719 0.552344 0.051562 0.0515625
0 0.621875 0.6125 0.025 0.03125025
0 0.651563 0.62500025 0.05 0.06249975
0 0.619531 0.67187525 0.039062 0.046875
0 0.666406 0.68515625 0.048438 0.04843725
0 0.688281 0.7335935 0.045312 0.04531275
0 0.657031 0.74375 0.039062 0.05625
0 0.653125 0.77812475 0.04375 0.05625
0 0.630469 0.8015622499999999 0.042188 0.05312475
