2 0.335156 0.21171875 0.064062 0.0703125
2 0.388281 0.3585935 0.064062 0.057812249999999996
2 0.354687 0.43750025 0.06875 0.059375250000000004
1 0.322656 0.307031 0.054688 0.0515625
1 0.314063 0.39453125 0.0625 0.04843725
1 0.311719 0.47343725000000003 0.060937 0.07187475
1 0.346875 0.51250025 0.071875 0.06875025
1 0.34375 0.58124975 0.06875 0.075
1 0.304688 0.60156275 0.08125 0.075
0 0.288281 0.6640625 0.064062 0.08124975
0 0.355469 0.65624975 0.070312 0.075
0 0.329688 0.7164065 0.065625 0.07656225
0 0.351562 0.7578125 0.053125 0.084375
2 0.878125 0.45546875 0.0625 0.0421875
2 0.854688 0.4859375 0.053125 0.046875
2 0.9304690000000001 0.45859400000000006 0.048438 0.0421875
2 0.972656 0.49843775 0.039062 0.043749750000000004
2 0.9460940000000001 0.51640625 0.032813 0.057812249999999996
2 0.928125 0.5234375 0.04375 0.05000025
0 0.690625 0.157031 0.053125 0.0609375
0 0.717969 0.1625 0.042188 0.07187475
