1 0.183594 0.33749975 0.054688 0.059375250000000004
1 0.164062 0.3875 0.053125 0.05625
1 0.174219 0.44687525000000006 0.057813 0.05625
1 0.2125 0.48437525 0.05 0.06249975
1 0.21406200000000003 0.41875025 0.059375 0.05312475
1 0.23906299999999997 0.3695315 0.05 0.0515625
1 0.261719 0.29765600000000003 0.048438 0.0421875
0 0.172656 0.6585935 0.051562 0.0796875
0 0.145313 0.6773434999999999 0.05625 0.0703125
0 0.149219 0.753125 0.042188 0.059375250000000004
0 0.185938 0.74687525 0.04375 0.07812525000000001
2 0.55625 0.6695315 0.05 0.057812249999999996
2 0.546875 0.77031275 0.053125 0.05625
2 0.596875 0.728906 0.059375 0.05468775
2 0.528125 0.8328125 0.05625 0.05312475
2 0.702344 0.42343775000000006 0.032813 0.05000025
0 0.692187 0.475781 0.028125 0.04843725
0 0.665625 0.49218725 0.0375 0.043749750000000004
0 0.657031 0.44609375 0.032813 0.03906225
2 0.678906 0.575 0.039062 0.043749750000000004
0 0.629687 0.5664065 0.034375 0.035937750000000004
2 0.784375 0.61015625 0.0375 0.04531275
0 0.639844 0.59609375 0.029687 0.0421875
2 0.716406 0.6421872499999999 0.035937 0.0375
2 0.748437 0.6875 0.034375 0.0375
0 0.689844 0.7593747499999999 0.042188 0.05312475
0 0.786719 0.824219 0.035937 0.05468775
0 0.761719 0.80234375 0.032813 0.04531275
1 0.751563 0.7726565 0.0375 0.04843725
1 0.815625 0.68437475 0.04375 0.0375
1 0.8054690000000001 0.730469 0.048438 0.03906225
1 0.717969 0.6828125 0.032813 0.05000025
