2 0.101562 0.14609375 0.071875 0.03906225
2 0.313281 0.39765649999999997 0.042188 0.05468775
2 0.385156 0.5046875 0.067187 0.084375
2 0.289844 0.5218752500000001 0.067187 0.075
2 0.311719 0.5835934999999999 0.082812 0.0703125
2 0.288281 0.589844 0.076563 0.0703125
2 0.309375 0.64375025 0.078125 0.07812525000000001
2 0.308594 0.69921875 0.070312 0.07656225
2 0.320312 0.749219 0.059375 0.07343775
2 0.925781 0.17500025 0.048438 0.05625
2 0.8507809999999999 0.166406 0.045312 0.04843725
1 0.840625 0.21562475 0.05625 0.043749750000000004
1 0.839063 0.26328125 0.046875 0.0515625
0 0.869531 0.303125 0.029687 0.05000025
0 0.835938 0.308594 0.04375 0.057812249999999996
2 0.980469 0.2046875 0.039062 0.05000025
2 0.9601559999999999 0.203906 0.042188 0.0515625
