2 0.497656 0.2984375 0.064062 0.08124975
2 0.585938 0.2554685 0.059375 0.0609375
2 0.575 0.336719 0.06875 0.0796875
2 0.505469 0.382031 0.057813 0.06718725
2 0.507812 0.45546875 0.065625 0.07656225
2 0.566406 0.42109399999999997 0.060937 0.0703125
2 0.575781 0.49843775 0.064062 0.08750025
1 0.517969 0.5249997499999999 0.054688 0.07187475
1 0.582812 0.56249975 0.0625 0.07187475
1 0.517969 0.60625025 0.064062 0.07812525000000001
1 0.582031 0.65 0.064062 0.084375
1 0.523438 0.682031 0.0625 0.08281275
0 0.544531 0.76093775 0.060937 0.09687525
0 0.590625 0.71875025 0.059375 0.08124975
2 0.8914060000000001 0.49218725 0.067187 0.07812525000000001
2 0.9289059999999999 0.5218752500000001 0.057813 0.075
1 0.965625 0.550781 0.065625 0.0796875
0 0.789844 0.51171875 0.048438 0.0328125
0 0.8 0.47031275000000006 0.0375 0.028125
