2 0.284375 0.29765600000000003 0.06875 0.06718725
2 0.361719 0.34687475 0.070312 0.06249975
2 0.286719 0.38515625 0.067187 0.0609375
2 0.340625 0.4257815 0.065625 0.0515625
2 0.303125 0.47500025 0.059375 0.05625
2 0.357812 0.50703125 0.05625 0.0515625
2 0.310937 0.5328125 0.059375 0.05625
2 0.351562 0.5648435 0.065625 0.0515625
2 0.310156 0.5929685 0.048438 0.0515625
1 0.364063 0.61484375 0.046875 0.03906225
1 0.311719 0.663281 0.045312 0.05468775
1 0.360156 0.7007809999999999 0.048438 0.05468775
1 0.308594 0.7429685 0.048438 0.05468775
0 0.328906 0.7859375 0.039062 0.043749750000000004
0 0.363281 0.76484375 0.045312 0.05468775
2 0.8742189999999999 0.271094 0.048438 0.0515625
0 0.8898439999999999 0.209375 0.054688 0.075
0 0.911719 0.16406225000000002 0.042188 0.06875025
