2 0.228906 0.32812475 0.082812 0.07812525000000001
2 0.285938 0.410156 0.06875 0.08281275
2 0.21640600000000002 0.42265625 0.076563 0.08281275
2 0.271094 0.49140649999999997 0.073438 0.08593724999999999
2 0.2 0.5140625 0.075 0.09062475
2 0.257031 0.5703125 0.070312 0.09375
1 0.183594 0.5984375 0.076563 0.09375
1 0.185938 0.6960935 0.084375 0.09218775
1 0.23125 0.64296875 0.075 0.08593724999999999
0 0.157031 0.8031252500000001 0.064062 0.09375
0 0.209375 0.76562525 0.059375 0.09999975000000001
2 0.9710940000000001 0.47421875 0.054688 0.05468775
2 0.9664059999999999 0.41718725 0.054688 0.04062525
2 0.964063 0.5804690000000001 0.053125 0.06718725
