2 0.080469 0.31093775 0.060937 0.05000025
2 0.157031 0.37031225 0.064062 0.059375250000000004
2 0.261719 0.34140650000000006 0.057813 0.057812249999999996
2 0.188281 0.39453125 0.057813 0.05468775
2 0.082031 0.41328125 0.057813 0.0703125
2 0.135937 0.44218775 0.065625 0.06875025
2 0.190625 0.466406 0.05625 0.06406275
2 0.264844 0.42343775000000006 0.054688 0.05625
2 0.274219 0.50781275 0.060937 0.06875025
2 0.188281 0.5375 0.060937 0.084375
2 0.232813 0.56328125 0.053125 0.07656225
2 0.10390600000000001 0.486719 0.060937 0.07656225
1 0.10390600000000001 0.55625 0.067187 0.08124975
1 0.19375 0.61015625 0.05625 0.0703125
1 0.24765600000000002 0.63437525 0.060937 0.075
0 0.210156 0.6875 0.051562 0.075
0 0.259375 0.7164065 0.053125 0.0796875
0 0.240625 0.7679690000000001 0.046875 0.07656225
0 0.164844 0.28124975 0.035937 0.0375
0 0.260937 0.21718774999999998 0.0375 0.034374749999999996
2 0.714063 0.7859375 0.046875 0.04062525
2 0.666406 0.8132809999999999 0.039062 0.0421875
2 0.671875 0.85625 0.046875 0.034374749999999996
1 0.701562 0.83593775 0.03125 0.0375
1 0.765625 0.8039059999999999 0.025 0.026562749999999996
0 0.761719 0.757031 0.020313 0.020312249999999997
0 0.778906 0.86328125 0.023438 0.0234375
