2 0.175 0.30625025 0.08125 0.084375
2 0.267188 0.33046849999999994 0.078125 0.0703125
2 0.110156 0.42187475 0.082812 0.08124975
2 0.166406 0.46171850000000003 0.079687 0.07656225
2 0.198437 0.39062525 0.078125 0.07187475
2 0.25625 0.41249974999999994 0.078125 0.07812525000000001
1 0.280469 0.439844 0.085938 0.06406275
1 0.107813 0.48906275 0.078125 0.07812525000000001
1 0.172656 0.54062525 0.073438 0.065625
1 0.11171899999999998 0.5929685 0.085938 0.07656225
1 0.175781 0.6078125 0.082812 0.08124975
1 0.098437 0.659375 0.078125 0.07812525000000001
0 0.275 0.52578125 0.075 0.08281275
0 0.2875 0.58671875 0.065625 0.09218775
0 0.307812 0.6359375 0.065625 0.09375
0 0.166406 0.6882815 0.076563 0.07656225
0 0.130469 0.7335935 0.067187 0.08281275
0 0.185156 0.7539065 0.064062 0.08593724999999999
