2 0.303125 0.3828125 0.075 0.075
2 0.335938 0.3867185 0.075 0.08593724999999999
2 0.283594 0.46406225 0.079687 0.07187475
2 0.277344 0.5203122499999999 0.079687 0.06875025
2 0.295312 0.6210935 0.059375 0.04843725
2 0.326562 0.6890622499999999 0.059375 0.065625
2 0.284375 0.70312475 0.0625 0.065625
0 0.321094 0.5609375 0.045312 0.028125
0 0.317969 0.62500025 0.042188 0.0375
0 0.8117189999999999 0.70781225 0.067187 0.05625
2 0.8414059999999999 0.203906 0.064062 0.10468725000000001
2 0.917969 0.27421850000000003 0.070312 0.08281275
2 0.9054689999999999 0.359375 0.067187 0.08124975
2 0.9710940000000001 0.24531275 0.051562 0.06249975
