2 0.595313 0.4054685 0.0375 0.04843725
2 0.6125 0.46484375 0.053125 0.03906225
2 0.683594 0.45546875 0.051562 0.0421875
2 0.576562 0.475781 0.04375 0.04843725
2 0.645312 0.49453099999999994 0.0375 0.04843725
2 0.557813 0.51875 0.040625 0.0375
2 0.601562 0.5273435 0.046875 0.0515625
2 0.670312 0.52968725 0.05 0.05625
2 0.635938 0.5484372499999999 0.040625 0.0375
2 0.599219 0.575 0.032813 0.03125025
1 0.548438 0.5953122499999999 0.0375 0.046875
1 0.528125 0.6359375 0.034375 0.043749750000000004
1 0.621094 0.603125 0.045312 0.046875
2 0.659375 0.5929685 0.046875 0.0421875
1 0.646094 0.64843775 0.051562 0.05312475
2 0.610938 0.6656247499999999 0.040625 0.046875
1 0.592187 0.6359375 0.040625 0.04062525
1 0.564844 0.682031 0.039062 0.0515625
0 0.526563 0.69062525 0.0375 0.05312475
0 0.5375 0.72734375 0.0375 0.057812249999999996
0 0.547656 0.76874975 0.035937 0.059375250000000004
0 0.580469 0.749219 0.039062 0.0515625
0 0.617188 0.7070315 0.04375 0.04843725
0 0.651563 0.6960935 0.05 0.06406275
0 0.6625 0.73671875 0.040625 0.057812249999999996
0 0.641406 0.758594 0.042188 0.0609375
