2 0.103125 0.43515650000000006 0.08125 0.07656225
2 0.148438 0.5218752500000001 0.075 0.075
2 0.271875 0.4578125 0.071875 0.065625
1 0.088281 0.569531 0.092188 0.0796875
1 0.21406200000000003 0.522656 0.065625 0.0609375
1 0.292187 0.52968725 0.075 0.06249975
1 0.23203100000000002 0.5945315 0.076563 0.0703125
1 0.322656 0.61406225 0.076563 0.07187475
1 0.285156 0.6734375 0.073438 0.07812525000000001
1 0.365625 0.7015625 0.071875 0.08124975
1 0.39375 0.7820315 0.065625 0.08593724999999999
1 0.155469 0.6187497499999999 0.082812 0.075
1 0.092188 0.66093725 0.090625 0.08124975
1 0.321875 0.78437525 0.06875 0.084375
0 0.15625 0.70390625 0.08125 0.0703125
0 0.094531 0.7359372499999999 0.098437 0.084375
