2 0.22343799999999997 0.40078099999999994 0.05625 0.0609375
2 0.303125 0.38828150000000006 0.05 0.057812249999999996
2 0.367188 0.36250024999999997 0.053125 0.05312475
2 0.41875 0.29687525 0.059375 0.07812525000000001
2 0.423438 0.3789065 0.059375 0.0703125
2 0.374219 0.4539065 0.057813 0.06718725
2 0.421875 0.45859400000000006 0.059375 0.0703125
2 0.208594 0.48828125 0.064062 0.06718725
2 0.28125 0.475781 0.053125 0.0609375
2 0.30625 0.49687475000000003 0.05625 0.065625
2 0.257812 0.53437475 0.053125 0.07187475
2 0.215625 0.55859375 0.05625 0.07656225
2 0.335938 0.5664065 0.053125 0.0796875
2 0.371875 0.541406 0.05625 0.07343775
0 0.424219 0.54453125 0.057813 0.06718725
0 0.435156 0.60625025 0.048438 0.06875025
0 0.478125 0.61484375 0.0375 0.06718725
0 0.276562 0.640625 0.040625 0.06875025
0 0.33125 0.74687525 0.034375 0.04062525
0 0.292187 0.74609375 0.04375 0.06718725
0 0.267969 0.7710934999999999 0.048438 0.07656225
0 0.21640600000000002 0.749219 0.054688 0.057812249999999996
0 0.2125 0.6789065 0.05625 0.0609375
0 0.616406 0.16015625 0.042188 0.06406275
0 0.65625 0.166406 0.046875 0.06406275
0 0.371875 0.19296875 0.053125 0.0421875
0 0.409375 0.14999975000000002 0.04375 0.046875
2 0.292969 0.31953125 0.042188 0.04843725
