2 0.334375 0.4054685 0.05 0.05468775
2 0.446094 0.35781275 0.051562 0.05000025
2 0.299219 0.47421875 0.057813 0.06406275
2 0.402344 0.4671875 0.054688 0.06249975
2 0.344531 0.5289065 0.060937 0.06718725
2 0.292187 0.5421875 0.0625 0.065625
2 0.279687 0.6132815 0.05625 0.0703125
2 0.339844 0.59375 0.054688 0.059375250000000004
2 0.314063 0.659375 0.0625 0.059375250000000004
2 0.273438 0.67656275 0.05625 0.06875025
1 0.309375 0.7203125 0.065625 0.06875025
0 0.271875 0.73750025 0.046875 0.075
0 0.307812 0.7828122499999999 0.05 0.07187475
1 0.9367189999999999 0.28046899999999997 0.048438 0.05468775
2 0.8039059999999999 0.8429690000000001 0.042188 0.035937750000000004
2 0.785156 0.82109375 0.029687 0.0328125
2 0.775 0.8500002500000001 0.028125 0.0375
2 0.803125 0.659375 0.040625 0.05625
2 0.826562 0.6273440000000001 0.034375 0.0421875
2 0.885156 0.65 0.048438 0.05625
0 0.8585939999999999 0.678125 0.045312 0.05625
0 0.784375 0.69843725 0.046875 0.05312475
2 0.9554690000000001 0.5203122499999999 0.045312 0.04062525
2 0.957031 0.55625 0.039062 0.0375
0 0.910156 0.541406 0.045312 0.04531275
1 0.9367189999999999 0.6359375 0.035937 0.04062525
0 0.910937 0.73750025 0.03125 0.034374749999999996
2 0.934375 0.7007809999999999 0.03125 0.03906225
