2 0.227344 0.35234375 0.067187 0.07656225
2 0.288281 0.3875 0.064062 0.065625
2 0.246875 0.41875025 0.059375 0.065625
2 0.282813 0.475781 0.065625 0.06718725
2 0.234375 0.486719 0.0625 0.057812249999999996
2 0.282031 0.54921875 0.060937 0.06718725
2 0.228125 0.56718725 0.0625 0.059375250000000004
2 0.215625 0.6210935 0.059375 0.0609375
2 0.272656 0.6117185 0.057813 0.06406275
2 0.279687 0.65624975 0.05625 0.06875025
2 0.225781 0.68437475 0.057813 0.06875025
2 0.224219 0.72187475 0.048438 0.065625
0 0.261719 0.74531225 0.042188 0.06249975
