2 0.592187 0.24062524999999998 0.053125 0.075
2 0.590625 0.317969 0.065625 0.07656225
2 0.60625 0.37578125 0.059375 0.0703125
2 0.599219 0.4429685 0.073438 0.0703125
2 0.733594 0.45625024999999997 0.060937 0.06249975
2 0.726562 0.496094 0.05625 0.06718725
2 0.709375 0.5273435 0.059375 0.06718725
2 0.725781 0.56718725 0.057813 0.059375250000000004
2 0.715625 0.58281275 0.059375 0.059375250000000004
2 0.742969 0.6265625 0.060937 0.059375250000000004
1 0.760938 0.6679685 0.053125 0.0515625
1 0.764062 0.72187475 0.05 0.06249975
1 0.769531 0.75078125 0.048438 0.04843725
1 0.625781 0.47968774999999997 0.045312 0.06249975
1 0.65 0.5218752500000001 0.05625 0.08124975
0 0.934375 0.18359375 0.046875 0.0609375
0 0.979688 0.16796899999999998 0.040625 0.0609375
