2 0.241406 0.3453125 0.057813 0.06875025
1 0.313281 0.415625 0.054688 0.05625
1 0.242969 0.44531225 0.054688 0.059375250000000004
2 0.296875 0.48906275 0.065625 0.059375250000000004
2 0.25 0.52968725 0.0625 0.059375250000000004
2 0.286719 0.5742185 0.064062 0.06718725
1 0.23046899999999998 0.60156275 0.051562 0.065625
1 0.282031 0.64765625 0.064062 0.0703125
0 0.21484399999999998 0.65781275 0.045312 0.046875
0 0.195312 0.71718725 0.053125 0.07812525000000001
0 0.224219 0.7632815 0.045312 0.07656225
0 0.272656 0.7578125 0.054688 0.075
0 0.278906 0.71328125 0.048438 0.06406275
2 0.546094 0.8085935 0.048438 0.06718725
0 0.703906 0.22031225000000002 0.048438 0.07812525000000001
