2 0.619531 0.308594 0.051562 0.0515625
2 0.686719 0.36093725 0.057813 0.059375250000000004
2 0.60625 0.39453125 0.06875 0.0609375
2 0.6125 0.4484375 0.059375 0.059375250000000004
2 0.682031 0.471875 0.060937 0.07812525000000001
2 0.607812 0.50703125 0.059375 0.06406275
2 0.663281 0.53906225 0.057813 0.07187475
2 0.617188 0.5835934999999999 0.05625 0.0703125
2 0.679688 0.617969 0.053125 0.07656225
0 0.614844 0.6625002500000001 0.048438 0.065625
0 0.611719 0.7335935 0.048438 0.0609375
0 0.664844 0.69374975 0.057813 0.059375250000000004
0 0.68125 0.749219 0.046875 0.057812249999999996
0 0.647656 0.77031275 0.051562 0.07187475
