1 0.270313 0.35234375 0.046875 0.04843725
1 0.203906 0.39140600000000003 0.048438 0.04843725
2 0.23046899999999998 0.430469 0.057813 0.0515625
2 0.184375 0.44453149999999997 0.053125 0.04843725
2 0.174219 0.49296875 0.054688 0.0515625
2 0.21640600000000002 0.48203150000000006 0.060937 0.04843725
2 0.217188 0.5289065 0.059375 0.04531275
1 0.184375 0.55000025 0.053125 0.059375250000000004
1 0.22265600000000002 0.5921877500000001 0.054688 0.05312475
1 0.196094 0.59687525 0.042188 0.05312475
0 0.226562 0.63281225 0.05 0.05312475
0 0.225781 0.66718775 0.035937 0.03125025
0 0.066406 0.28124975 0.064062 0.05625
0 0.098437 0.40000025000000006 0.04375 0.059375250000000004
0 0.0625 0.415625 0.046875 0.06249975
