2 0.261719 0.4164065 0.060937 0.06718725
2 0.2125 0.48203150000000006 0.06875 0.0609375
2 0.274219 0.48203150000000006 0.079687 0.0515625
2 0.311719 0.48515600000000003 0.057813 0.06718725
2 0.185938 0.5453127500000001 0.071875 0.05625
2 0.250781 0.53593775 0.070312 0.059375250000000004
2 0.328125 0.53515625 0.06875 0.0609375
2 0.304688 0.5601559999999999 0.06875 0.06406275
2 0.171094 0.6070309999999999 0.070312 0.0703125
2 0.221875 0.5984375 0.065625 0.07187475
2 0.314844 0.60546875 0.070312 0.07343775
1 0.307812 0.67187525 0.06875 0.075
1 0.21640600000000002 0.6585935 0.060937 0.0796875
2 0.151562 0.6695315 0.065625 0.06718725
1 0.182031 0.7164065 0.064062 0.06718725
0 0.178906 0.77421875 0.054688 0.07343775
0 0.139063 0.775781 0.059375 0.08281275
0 0.302344 0.7242184999999999 0.067187 0.0703125
0 0.304688 0.766406 0.05625 0.09218775
