2 0.210938 0.36640625 0.05 0.0515625
2 0.296094 0.37578125 0.045312 0.05468775
2 0.257812 0.40937524999999997 0.046875 0.05312475
1 0.209375 0.428906 0.053125 0.05468775
1 0.292969 0.43515650000000006 0.051562 0.0515625
1 0.270313 0.4765625 0.053125 0.05312475
1 0.22109399999999998 0.49218725 0.045312 0.05000025
1 0.226562 0.5515625 0.053125 0.05000025
1 0.21875 0.60156275 0.04375 0.05625
1 0.259375 0.5218752500000001 0.04375 0.05312475
0 0.301563 0.6078125 0.04375 0.043749750000000004
0 0.263281 0.62343725 0.045312 0.05000025
0 0.335156 0.5335940000000001 0.042188 0.04843725
0 0.380469 0.53984375 0.039062 0.0515625
2 0.926562 0.37109375 0.065625 0.0703125
2 0.954688 0.3960935 0.065625 0.06718725
2 0.9507809999999999 0.66640625 0.076563 0.05468775
2 0.94375 0.71328125 0.065625 0.04843725
2 0.925 0.7539065 0.06875 0.057812249999999996
0 0.934375 0.8179684999999999 0.059375 0.06718725
