0 0.714844 0.30390649999999997 0.092188 0.09218775
0 0.771094 0.41406275 0.060937 0.08750025
0 0.664062 0.3867185 0.065625 0.06406275
0 0.663281 0.46171850000000003 0.073438 0.06406275
0 0.639062 0.5453127500000001 0.08125 0.06875025
0 0.6125 0.6171875 0.08125 0.06249975
0 0.736719 0.6265625 0.060937 0.06875025
0 0.654687 0.7093752500000001 0.1 0.06875025
0 0.600781 0.68046875 0.104688 0.0703125
0 0.642969 0.8234375 0.067187 0.09062475
0 0.055469000000000004 0.17421875 0.107813 0.0796875
0 0.017188 0.246875 0.03125 0.084375
0 0.128125 0.14218775 0.08125 0.03125025
