2 0.472656 0.4429685 0.048438 0.0609375
2 0.540625 0.4335935 0.053125 0.0609375
2 0.597656 0.457031 0.035937 0.0421875
2 0.507812 0.48906275 0.053125 0.05312475
2 0.546094 0.5085934999999999 0.045312 0.0515625
2 0.602344 0.53437475 0.042188 0.046875
2 0.502344 0.561719 0.042188 0.0421875
2 0.536719 0.56796875 0.048438 0.057812249999999996
2 0.561719 0.617969 0.039062 0.0609375
2 0.600781 0.597656 0.045312 0.057812249999999996
2 0.48906299999999997 0.6304684999999999 0.040625 0.057812249999999996
2 0.492969 0.69531275 0.042188 0.05625
2 0.474219 0.7593747499999999 0.051562 0.075
2 0.434375 0.728906 0.04375 0.0609375
2 0.44531200000000004 0.678125 0.04375 0.065625
2 0.43671899999999997 0.6125 0.042188 0.05000025
0 0.450781 0.503906 0.035937 0.026562749999999996
0 0.9507809999999999 0.496094 0.060937 0.09218775
0 0.9773440000000001 0.4484375 0.045312 0.07187475
0 0.602344 0.64296875 0.042188 0.05468775
0 0.582031 0.66718775 0.042188 0.06249975
0 0.552344 0.66093725 0.048438 0.059375250000000004
0 0.480469 0.79765625 0.042188 0.057812249999999996
0 0.447656 0.8234375 0.045312 0.06875025
0 0.43671899999999997 0.7796877500000001 0.048438 0.065625
