0 0.548438 0.48359375 0.0625 0.057812249999999996
0 0.428906 0.53984375 0.060937 0.0703125
0 0.428125 0.6078125 0.0625 0.065625
0 0.525781 0.59999975 0.048438 0.059375250000000004
0 0.485938 0.65703125 0.065625 0.06718725
0 0.525 0.7070315 0.05 0.0703125
0 0.435937 0.66171875 0.05625 0.06406275
0 0.45390600000000003 0.72187475 0.054688 0.06875025
0 0.491406 0.8500002500000001 0.042188 0.05000025
0 0.489844 0.7945309999999999 0.029687 0.0328125
0 0.658594 0.20312524999999998 0.048438 0.075
0 0.689844 0.2101565 0.057813 0.05468775
2 0.030469000000000003 0.753125 0.057813 0.0375
2 0.03125 0.79296875 0.05625 0.04531275
2 0.067969 0.753125 0.070312 0.0375
1 0.035937 0.8554685 0.06875 0.03906225
