2 0.454688 0.34687475 0.059375 0.059375250000000004
2 0.565625 0.32890625 0.065625 0.05468775
2 0.42656299999999997 0.42109399999999997 0.05625 0.06718725
2 0.478906 0.402344 0.057813 0.06406275
2 0.532031 0.402344 0.054688 0.06406275
2 0.573438 0.40781225 0.06875 0.06875025
2 0.439063 0.486719 0.05 0.07343775
2 0.480469 0.46953125 0.070312 0.0703125
2 0.544531 0.4578125 0.064062 0.059375250000000004
0 0.599219 0.4898435 0.076563 0.0609375
0 0.578906 0.5453127500000001 0.057813 0.06875025
0 0.614844 0.5664065 0.067187 0.0703125
0 0.604688 0.60156275 0.065625 0.065625
0 0.63125 0.6867185 0.05625 0.08593724999999999
0 0.49375 0.589844 0.053125 0.07656225
0 0.45234399999999997 0.6078125 0.048438 0.07187475
0 0.449219 0.64765625 0.054688 0.0703125
