0 0.367188 0.8031252500000001 0.053125 0.06249975
0 0.309375 0.82578125 0.053125 0.06718725
0 0.303125 0.76874975 0.05 0.065625
0 0.369531 0.74062475 0.048438 0.06875025
0 0.44218799999999997 0.66718775 0.04375 0.065625
0 0.402344 0.67499975 0.048438 0.059375250000000004
0 0.371094 0.644531 0.045312 0.06718725
0 0.379688 0.5835934999999999 0.046875 0.0609375
0 0.425781 0.6117185 0.051562 0.06718725
0 0.44531200000000004 0.546875 0.05 0.05625
0 0.389062 0.51718775 0.053125 0.06249975
1 0.322656 0.7054685 0.048438 0.05468775
1 0.325781 0.63281225 0.048438 0.05625
2 0.344531 0.55468775 0.060937 0.059375250000000004
1 0.446875 0.4164065 0.046875 0.0515625
2 0.33125 0.28124975 0.05 0.059375250000000004
2 0.396875 0.2851565 0.05 0.0609375
2 0.470313 0.34140650000000006 0.05625 0.04843725
2 0.378125 0.37187525 0.05 0.05625
2 0.325781 0.3875 0.051562 0.05625
2 0.339844 0.477344 0.054688 0.0515625
2 0.382031 0.4484375 0.054688 0.06249975
1 0.434375 0.36562474999999994 0.059375 0.05312475
2 0.889062 0.16171850000000002 0.053125 0.0421875
0 0.876563 0.2476565 0.059375 0.03906225
0 0.95 0.24921875 0.053125 0.03906225
0 0.9710940000000001 0.27343775 0.042188 0.043749750000000004
0 0.9507809999999999 0.3453125 0.039062 0.0375
0 0.960938 0.378125 0.040625 0.0375
0 0.9601559999999999 0.410156 0.042188 0.03906225
0 0.885938 0.5382815 0.05 0.03906225
2 0.925 0.53593775 0.046875 0.046875
0 0.934375 0.62968775 0.046875 0.04062525
0 0.9351559999999999 0.67031225 0.048438 0.046875
0 0.9398440000000001 0.725 0.042188 0.043749750000000004
2 0.424219 0.8601559999999999 0.051562 0.02968725
