2 0.232813 0.303125 0.096875 0.1125
1 0.249219 0.38593774999999997 0.085938 0.084375
1 0.146875 0.383594 0.1 0.09531225
1 0.107813 0.477344 0.109375 0.07656225
1 0.101562 0.5687502500000001 0.109375 0.059375250000000004
1 0.184375 0.45468725 0.0875 0.08124975
0 0.146094 0.53593775 0.104688 0.06249975
0 0.154688 0.6125 0.103125 0.06875025
0 0.074219 0.683594 0.092188 0.07656225
0 0.138281 0.76406225 0.082812 0.07812525000000001
0 0.149219 0.6890622499999999 0.079687 0.06875025
0 0.73125 0.16171850000000002 0.040625 0.0703125
0 0.771875 0.18281225 0.05 0.06875025
0 0.783594 0.139844 0.060937 0.026562749999999996
