2 0.525 0.325781 0.05 0.04843725
2 0.591406 0.35 0.048438 0.05312475
2 0.546875 0.37187525 0.05 0.046875
2 0.513281 0.41406275 0.057813 0.04062525
2 0.484375 0.47031275000000006 0.05625 0.05000025
2 0.569531 0.46562525 0.054688 0.05625
2 0.48515600000000003 0.53046875 0.051562 0.057812249999999996
1 0.508594 0.59375 0.045312 0.059375250000000004
1 0.56875 0.51250025 0.05625 0.046875
1 0.582812 0.57265625 0.04375 0.04843725
1 0.607031 0.59609375 0.039062 0.05468775
1 0.554688 0.65781275 0.04375 0.06249975
0 0.519531 0.70781225 0.042188 0.05312475
0 0.572656 0.76015625 0.039062 0.0515625
0 0.654687 0.73203125 0.034375 0.05468775
0 0.607031 0.63437525 0.045312 0.05000025
0 0.623437 0.664844 0.0375 0.05468775
0 0.651563 0.6773434999999999 0.04375 0.05468775
2 0.655469 0.635156 0.042188 0.0515625
