2 0.225781 0.260156 0.070312 0.0796875
2 0.242188 0.35703125 0.05625 0.04843725
2 0.316406 0.40937524999999997 0.064062 0.05312475
2 0.332031 0.44531225 0.057813 0.05625
2 0.235937 0.44453149999999997 0.06875 0.0609375
2 0.299219 0.5031252500000001 0.076563 0.07187475
1 0.301563 0.5664065 0.08125 0.0703125
1 0.23046899999999998 0.6132815 0.070312 0.06718725
1 0.292187 0.646094 0.071875 0.06718725
0 0.285938 0.730469 0.065625 0.0796875
0 0.228125 0.7007809999999999 0.06875 0.0703125
2 0.9085940000000001 0.1898435 0.107813 0.0796875
1 0.8898439999999999 0.26328125 0.098437 0.07343775
0 0.855469 0.33906274999999997 0.101562 0.075
0 0.8773440000000001 0.4054685 0.067187 0.09218775
2 0.960938 0.5476565 0.0625 0.06718725
2 0.9289059999999999 0.68437475 0.057813 0.05625
2 0.8820309999999999 0.715625 0.051562 0.05312475
2 0.8429689999999999 0.8218752500000001 0.051562 0.05625
2 0.873437 0.8523440000000001 0.05625 0.04531275
