2 0.132031 0.3640625 0.092188 0.084375
2 0.128906 0.46015625 0.079687 0.0703125
2 0.21406200000000003 0.41718725 0.084375 0.08124975
1 0.140625 0.54453125 0.090625 0.06718725
1 0.2 0.49687475000000003 0.08125 0.059375250000000004
2 0.21875 0.5851565 0.071875 0.06406275
1 0.204687 0.64296875 0.08125 0.0703125
1 0.15 0.692969 0.075 0.06718725
1 0.147656 0.62343725 0.079687 0.06875025
0 0.21484399999999998 0.7203125 0.067187 0.07812525000000001
0 0.14375 0.7562502500000001 0.065625 0.06249975
0 0.167969 0.8265627500000001 0.060937 0.09062475
0 0.23046899999999998 0.8031252500000001 0.060937 0.09062475
2 0.9 0.56796875 0.071875 0.06718725
2 0.9679689999999999 0.5609375 0.060937 0.05625
2 0.9664059999999999 0.617969 0.067187 0.057812249999999996
2 0.867188 0.61093775 0.071875 0.06249975
2 0.932813 0.78749975 0.096875 0.06875025
0 0.785156 0.734375 0.079687 0.059375250000000004
0 0.81875 0.832031 0.0625 0.0796875
0 0.8679690000000001 0.78359375 0.054688 0.07343775
0 0.8125 0.766406 0.071875 0.0703125
