2 0.327344 0.25000025 0.064062 0.07812525000000001
2 0.396875 0.29531225 0.065625 0.075
2 0.390625 0.37656275000000006 0.059375 0.084375
2 0.342969 0.428906 0.060937 0.07656225
2 0.284375 0.3585935 0.059375 0.07656225
2 0.278125 0.44375 0.065625 0.075
2 0.314844 0.49453099999999994 0.054688 0.07656225
2 0.239844 0.50234375 0.057813 0.06406275
2 0.286719 0.55312475 0.064062 0.075
2 0.217188 0.57812525 0.065625 0.07812525000000001
2 0.267188 0.60078125 0.059375 0.07343775
1 0.190625 0.61953125 0.05625 0.0796875
1 0.182031 0.6828125 0.057813 0.075
1 0.24375 0.664844 0.053125 0.08281275
0 0.21640600000000002 0.71328125 0.042188 0.07343775
