2 0.1875 0.44765599999999994 0.06875 0.07656225
2 0.303125 0.40000025000000006 0.065625 0.06875025
2 0.288281 0.51250025 0.064062 0.07187475
2 0.282031 0.57656225 0.067187 0.06249975
2 0.279687 0.636719 0.0625 0.0609375
2 0.240625 0.70390625 0.065625 0.07656225
2 0.185156 0.66718775 0.073438 0.07187475
2 0.19375 0.60156275 0.06875 0.06249975
2 0.166406 0.5421875 0.070312 0.06875025
0 0.224219 0.8296872499999999 0.070312 0.07812525000000001
2 0.869531 0.5796875 0.045312 0.05000025
2 0.8507809999999999 0.6390627500000001 0.048438 0.043749750000000004
2 0.895312 0.617969 0.04375 0.04531275
2 0.895312 0.664844 0.04375 0.04531275
2 0.8929690000000001 0.70312475 0.039062 0.05000025
2 0.889062 0.74609375 0.040625 0.05468775
2 0.8601560000000001 0.73124975 0.045312 0.05000025
2 0.854688 0.68437475 0.04375 0.043749750000000004
