0 0.940625 0.40312475000000003 0.046875 0.046875
0 0.871875 0.39062525 0.05 0.05000025
0 0.8726559999999999 0.44453149999999997 0.039062 0.0515625
0 0.847656 0.3921875 0.042188 0.05000025
0 0.8429689999999999 0.6359375 0.048438 0.04062525
0 0.8445310000000001 0.67968725 0.048438 0.0375
0 0.8507809999999999 0.72812525 0.039062 0.0375
0 0.980469 0.5031252500000001 0.039062 0.046875
0 0.980469 0.54062525 0.039062 0.04062525
0 0.742188 0.644531 0.053125 0.08593724999999999
0 0.760156 0.67031225 0.054688 0.07812525000000001
0 0.567969 0.66718775 0.048438 0.075
0 0.597656 0.6882815 0.045312 0.07656225
1 0.638281 0.664844 0.057813 0.08281275
1 0.672656 0.5890625 0.042188 0.06875025
1 0.714063 0.603125 0.053125 0.09062475
1 0.567969 0.59687525 0.067187 0.065625
1 0.625 0.6171875 0.053125 0.06875025
2 0.623437 0.51171875 0.05625 0.0703125
2 0.654687 0.55781225 0.065625 0.06249975
2 0.703906 0.5382815 0.054688 0.06718725
