2 0.403125 0.2929685 0.05 0.057812249999999996
2 0.496094 0.3453125 0.051562 0.05625
2 0.447656 0.37187525 0.054688 0.046875
2 0.478125 0.40937524999999997 0.053125 0.05625
2 0.382812 0.37421899999999997 0.04375 0.0609375
2 0.364063 0.42656225000000003 0.05 0.059375250000000004
2 0.375 0.4859375 0.046875 0.06249975
2 0.447656 0.4296875 0.045312 0.06249975
2 0.42109399999999997 0.46093775 0.045312 0.06249975
0 0.48359399999999997 0.47421875 0.048438 0.057812249999999996
1 0.457031 0.54374975 0.048438 0.065625
1 0.357812 0.571094 0.04375 0.0609375
0 0.399219 0.5851565 0.042188 0.05468775
2 0.826562 0.5945315 0.04375 0.04843725
2 0.867188 0.616406 0.071875 0.04531275
2 0.935937 0.621875 0.06875 0.04062525
1 0.957031 0.672656 0.048438 0.057812249999999996
1 0.879687 0.5718747499999999 0.028125 0.0375
2 0.967187 0.61093775 0.0625 0.046875
2 0.9125 0.66718775 0.05625 0.043749750000000004
