0 0.204687 0.7804685 0.05 0.07343775
0 0.23671899999999998 0.78437525 0.045312 0.07187475
2 0.239844 0.27421850000000003 0.079687 0.08593724999999999
2 0.264062 0.32421875 0.084375 0.07343775
0 0.21640600000000002 0.45156275 0.042188 0.034374749999999996
0 0.254688 0.4632815 0.04375 0.035937750000000004
0 0.23828100000000002 0.5335940000000001 0.042188 0.026562749999999996
2 0.25 0.5601559999999999 0.065625 0.04531275
2 0.22109399999999998 0.6156252500000001 0.076563 0.065625
2 0.2125 0.6625002500000001 0.071875 0.046875
2 0.194531 0.715625 0.070312 0.06249975
2 0.914062 0.21171875 0.06875 0.07343775
2 0.915625 0.1429685 0.071875 0.0328125
2 0.980469 0.17031274999999998 0.039062 0.075
2 0.960938 0.30546875 0.065625 0.06406275
