2 0.296094 0.3398435 0.045312 0.04531275
2 0.265625 0.38515625 0.059375 0.0609375
2 0.244531 0.439844 0.064062 0.06406275
2 0.275781 0.49687475000000003 0.054688 0.075
2 0.353125 0.44765599999999994 0.046875 0.06718725
2 0.323437 0.4859375 0.053125 0.07187475
2 0.339844 0.5453127500000001 0.064062 0.046875
2 0.308594 0.608594 0.085938 0.057812249999999996
2 0.319531 0.67499975 0.070312 0.08124975
1 0.282031 0.69453125 0.067187 0.06406275
1 0.295312 0.74687525 0.059375 0.084375
0 0.389844 0.35078149999999997 0.042188 0.02968725
0 0.339062 0.3734375 0.040625 0.03125025
0 0.348438 0.3078125 0.0375 0.0375
0 0.374219 0.532031 0.045312 0.0421875
2 0.321094 0.48359375 0.057813 0.07656225
2 0.365625 0.4953125 0.05625 0.04062525
0 0.3 0.55000025 0.059375 0.059375250000000004
1 0.23671899999999998 0.5031252500000001 0.057813 0.07187475
2 0.972656 0.2796875 0.054688 0.065625
2 0.975 0.44218775 0.05 0.07187475
2 0.975 0.5179685 0.05 0.06718725
2 0.971875 0.5804690000000001 0.05625 0.06406275
2 0.9664059999999999 0.63437525 0.067187 0.06249975
2 0.8976559999999999 0.49296875 0.079687 0.07656225
2 0.835938 0.4625 0.075 0.065625
