2 0.285156 0.40000025000000006 0.073438 0.07812525000000001
2 0.317969 0.44999975000000003 0.064062 0.06249975
1 0.384375 0.6171875 0.053125 0.059375250000000004
1 0.340625 0.646094 0.04375 0.05468775
2 0.33125 0.71328125 0.075 0.07343775
2 0.297656 0.75546875 0.085938 0.0609375
2 0.328906 0.81250025 0.067187 0.08124975
0 0.36875 0.8039059999999999 0.05 0.07343775
2 0.9539060000000001 0.45937474999999994 0.042188 0.05000025
2 0.903125 0.3960935 0.046875 0.035937750000000004
2 0.8976559999999999 0.43593724999999994 0.048438 0.043749750000000004
2 0.9710940000000001 0.4203125 0.032813 0.0375
2 0.8898439999999999 0.477344 0.042188 0.05468775
2 0.801562 0.44218775 0.0375 0.05000025
2 0.828125 0.38828150000000006 0.028125 0.026562749999999996
0 0.9382810000000001 0.49843775 0.042188 0.05000025
