2 0.146875 0.79687475 0.053125 0.05312475
2 0.820312 0.8031252500000001 0.059375 0.06249975
2 0.823438 0.758594 0.046875 0.0421875
2 0.788281 0.7992185 0.051562 0.06718725
0 0.746094 0.7953125 0.045312 0.05000025
0 0.628125 0.6507815000000001 0.05 0.07656225
1 0.578906 0.60625025 0.054688 0.06875025
1 0.567187 0.541406 0.053125 0.0609375
1 0.625781 0.5687502500000001 0.054688 0.06249975
2 0.563281 0.33281225000000003 0.060937 0.08750025
2 0.648438 0.383594 0.059375 0.07656225
2 0.55 0.4203125 0.05625 0.06249975
2 0.560937 0.475781 0.0625 0.0703125
2 0.6125 0.5101565000000001 0.05 0.0609375
2 0.614062 0.44062475 0.0625 0.065625
