2 0.408594 0.21875 0.054688 0.059375250000000004
2 0.325 0.29687525 0.046875 0.05312475
2 0.3875 0.32109350000000003 0.053125 0.05468775
2 0.296094 0.35624975000000003 0.060937 0.06249975
2 0.34375 0.39140600000000003 0.059375 0.06406275
2 0.314063 0.42265625 0.065625 0.06718725
2 0.353906 0.44609375 0.057813 0.06406275
2 0.317188 0.486719 0.0625 0.0609375
2 0.354687 0.5101565000000001 0.065625 0.06406275
2 0.325781 0.5382815 0.060937 0.06406275
1 0.36875 0.56718725 0.059375 0.06875025
0 0.341406 0.6039065000000001 0.045312 0.0609375
0 0.386719 0.64296875 0.057813 0.07343775
0 0.773438 0.25468775 0.040625 0.05625
0 0.735938 0.26328125 0.0375 0.04843725
0 0.88125 0.31406225 0.053125 0.059375250000000004
0 0.8929690000000001 0.25078100000000003 0.060937 0.06406275
0 0.8773440000000001 0.35234375 0.042188 0.057812249999999996
0 0.845313 0.31406225 0.05 0.059375250000000004
2 0.974219 0.22578125 0.051562 0.0515625
2 0.94375 0.20546899999999998 0.05 0.035937750000000004
2 0.940625 0.2421875 0.059375 0.046875
2 0.9445309999999999 0.29375 0.051562 0.043749750000000004
2 0.9679689999999999 0.32421875 0.048438 0.0421875
2 0.98125 0.261719 0.0375 0.03906225
1 0.9773440000000001 0.36484400000000006 0.045312 0.0421875
0 0.9710940000000001 0.40390625 0.048438 0.0515625
2 0.963281 0.59609375 0.035937 0.0328125
2 0.978906 0.69531275 0.035937 0.04062525
2 0.957812 0.678125 0.046875 0.03125025
2 0.975 0.76015625 0.028125 0.03906225
