1 0.20781299999999997 0.2796875 0.05 0.05312475
1 0.290625 0.35 0.046875 0.043749750000000004
1 0.210156 0.38593774999999997 0.051562 0.05625
2 0.278906 0.434375 0.048438 0.05312475
2 0.20781299999999997 0.4632815 0.059375 0.0515625
2 0.292187 0.5203122499999999 0.053125 0.065625
2 0.21484399999999998 0.5335940000000001 0.060937 0.0515625
2 0.260937 0.552344 0.059375 0.0609375
1 0.215625 0.6132815 0.053125 0.06718725
1 0.2125 0.6695315 0.05625 0.0703125
1 0.258594 0.6867185 0.054688 0.06718725
1 0.26875 0.61406225 0.046875 0.05000025
1 0.289844 0.23984375 0.035937 0.03906225
0 0.20703100000000002 0.7359372499999999 0.051562 0.07187475
0 0.260937 0.749219 0.046875 0.0796875
2 0.857812 0.62890625 0.034375 0.0421875
2 0.849219 0.678125 0.051562 0.043749750000000004
1 0.847656 0.719531 0.042188 0.035937750000000004
1 0.853906 0.74531225 0.035937 0.0375
1 0.917188 0.73671875 0.03125 0.0328125
1 0.896875 0.7093752500000001 0.040625 0.028125
1 0.8835940000000001 0.6789065 0.029687 0.02968725
1 0.975 0.6421872499999999 0.034375 0.0375
0 0.9773440000000001 0.6789065 0.032813 0.0421875
1 0.9664059999999999 0.588281 0.029687 0.026562749999999996
1 0.9664059999999999 0.5515625 0.029687 0.0375
0 0.9242190000000001 0.81640625 0.035937 0.03906225
0 0.8726559999999999 0.8007815 0.035937 0.0421875
0 0.8835940000000001 0.832031 0.029687 0.0421875
0 0.9070310000000001 0.8390622499999999 0.032813 0.0375
