1 0.663281 0.32109350000000003 0.060937 0.05468775
1 0.765625 0.34453100000000003 0.06875 0.06718725
1 0.690625 0.39374975 0.05625 0.05000025
1 0.785156 0.43203125 0.064062 0.04843725
1 0.717187 0.46015625 0.053125 0.0421875
1 0.766406 0.5132809999999999 0.076563 0.04843725
0 0.692187 0.5453127500000001 0.046875 0.028125
0 0.676562 0.63359375 0.0625 0.0515625
0 0.758594 0.63828125 0.067187 0.04843725
0 0.685937 0.7015625 0.05625 0.05000025
0 0.722656 0.6976565000000001 0.064062 0.057812249999999996
0 0.698438 0.753125 0.05 0.065625
0 0.721875 0.7562502500000001 0.046875 0.075
0 0.746875 0.79375025 0.04375 0.046875
0 0.742188 0.84453125 0.0375 0.05468775
