2 0.186719 0.33828125 0.073438 0.1078125
2 0.239844 0.40625 0.089063 0.084375
2 0.292187 0.38515625 0.08125 0.0796875
2 0.285938 0.46562525 0.0875 0.08124975
2 0.24375 0.509375 0.08125 0.09062475
2 0.284375 0.55312475 0.084375 0.09062475
1 0.232813 0.58593725 0.075 0.08124975
1 0.26875 0.625781 0.084375 0.0890625
1 0.25 0.68515625 0.084375 0.0890625
0 0.259375 0.75156275 0.065625 0.084375
0 0.225 0.79375025 0.065625 0.08124975
2 0.9195309999999999 0.30546875 0.045312 0.0421875
2 0.925 0.355469 0.05 0.0421875
2 0.942187 0.340625 0.053125 0.05000025
2 0.9851560000000001 0.34375025 0.029687 0.043749750000000004
2 0.928125 0.40859375 0.053125 0.0515625
1 0.926562 0.45937474999999994 0.046875 0.05312475
1 0.9539060000000001 0.42734375 0.054688 0.04843725
