2 0.482031 0.36718775 0.045312 0.05312475
2 0.560937 0.3867185 0.046875 0.05468775
2 0.475 0.44140625 0.04375 0.0515625
2 0.524219 0.42656225000000003 0.054688 0.05625
2 0.553906 0.44687525000000006 0.057813 0.059375250000000004
2 0.534375 0.4765625 0.053125 0.059375250000000004
2 0.525781 0.52656275 0.048438 0.05312475
2 0.46406200000000003 0.5 0.046875 0.05625
2 0.486719 0.550781 0.045312 0.06718725
1 0.48515600000000003 0.6359375 0.045312 0.06875025
0 0.528906 0.6421872499999999 0.042188 0.05312475
1 0.555469 0.58593725 0.045312 0.075
0 0.569531 0.52578125 0.042188 0.06406275
2 0.9695310000000001 0.6125 0.060937 0.05312475
2 0.932813 0.59609375 0.046875 0.05468775
1 0.982812 0.56406275 0.034375 0.04062525
