0 0.286719 0.74140625 0.057813 0.07656225
0 0.307812 0.7804685 0.05625 0.07656225
0 0.353125 0.75546875 0.046875 0.0703125
0 0.285938 0.6679685 0.0625 0.057812249999999996
1 0.291406 0.59062475 0.064062 0.065625
1 0.314844 0.5421875 0.076563 0.06249975
1 0.278906 0.49765625 0.070312 0.06718725
1 0.314844 0.46093775 0.082812 0.06875025
1 0.26875 0.39374975 0.065625 0.08124975
1 0.330469 0.36093725 0.067187 0.07187475
1 0.272656 0.28124975 0.067187 0.08124975
0 0.328906 0.62343725 0.064062 0.065625
