2 0.315625 0.3546875 0.05 0.043749750000000004
2 0.255469 0.4257815 0.054688 0.05468775
2 0.210938 0.41718725 0.046875 0.046875
2 0.117188 0.44453149999999997 0.046875 0.05468775
2 0.144531 0.5375 0.070312 0.06249975
2 0.209375 0.4992185 0.05625 0.05468775
2 0.275781 0.5132809999999999 0.060937 0.06406275
2 0.327344 0.466406 0.057813 0.06718725
2 0.345313 0.53125025 0.05625 0.065625
2 0.160938 0.625781 0.06875 0.0703125
2 0.173437 0.68984375 0.065625 0.07343775
2 0.215625 0.57812525 0.065625 0.059375250000000004
2 0.227344 0.63359375 0.073438 0.07343775
2 0.278125 0.584375 0.0625 0.07187475
2 0.328906 0.5921877500000001 0.064062 0.08750025
1 0.357812 0.66171875 0.059375 0.0890625
1 0.332031 0.6875 0.057813 0.084375
1 0.241406 0.6976565000000001 0.070312 0.07343775
1 0.188281 0.74999975 0.064062 0.08124975
1 0.289062 0.635156 0.0625 0.08593724999999999
2 0.978125 0.5687502500000001 0.04375 0.059375250000000004
2 0.934375 0.5804690000000001 0.0375 0.05468775
2 0.972656 0.77031275 0.032813 0.05312475
0 0.951562 0.67109375 0.028125 0.0328125
0 0.9914059999999999 0.63359375 0.017188 0.0328125
0 0.9125 0.18359375 0.065625 0.0796875
0 0.8757810000000001 0.20546899999999998 0.057813 0.08281275
0 0.8882809999999999 0.14453149999999998 0.057813 0.035937750000000004
0 0.128906 0.308594 0.032813 0.0328125
