1 0.46796899999999997 0.25625 0.051562 0.065625
1 0.44843700000000003 0.33281225000000003 0.04375 0.05000025
1 0.505469 0.31093775 0.029687 0.043749750000000004
2 0.46875 0.40468775 0.046875 0.05000025
2 0.46953100000000003 0.4632815 0.054688 0.04531275
1 0.478906 0.53515625 0.048438 0.04843725
1 0.500781 0.5140625 0.051562 0.046875
1 0.525 0.5742185 0.046875 0.0609375
0 0.49531200000000003 0.6125 0.034375 0.05312475
0 0.500781 0.67968725 0.039062 0.065625
0 0.540625 0.64765625 0.034375 0.0609375
0 0.545312 0.70859375 0.0375 0.0609375
0 0.539062 0.74687525 0.040625 0.06249975
0 0.508594 0.734375 0.035937 0.06249975
2 0.98125 0.777344 0.0375 0.057812249999999996
