2 0.297656 0.196094 0.064062 0.06718725
2 0.403906 0.31093775 0.060937 0.06875025
2 0.342187 0.2757815 0.05625 0.06406275
2 0.334375 0.32421875 0.05625 0.05468775
2 0.361719 0.37734349999999994 0.064062 0.06718725
2 0.24531200000000003 0.28046899999999997 0.065625 0.0703125
2 0.267188 0.335156 0.06875 0.0703125
1 0.220312 0.3492185 0.059375 0.06718725
1 0.314844 0.38828150000000006 0.057813 0.0609375
1 0.360156 0.45078125 0.060937 0.06718725
1 0.253906 0.419531 0.070312 0.0703125
1 0.184375 0.4484375 0.065625 0.05000025
1 0.301563 0.47890625 0.06875 0.07343775
1 0.234375 0.49765625 0.065625 0.0703125
1 0.172656 0.5218752500000001 0.067187 0.07812525000000001
1 0.290625 0.5570315000000001 0.059375 0.08281275
1 0.224219 0.571094 0.067187 0.07343775
1 0.165625 0.59062475 0.0625 0.075
0 0.147656 0.64296875 0.064062 0.0703125
0 0.188281 0.67499975 0.057813 0.08124975
0 0.228125 0.7328127500000001 0.0625 0.075
0 0.242969 0.8062497499999999 0.064062 0.07812525000000001
0 0.280469 0.84453125 0.054688 0.0609375
0 0.299219 0.78749975 0.064062 0.06875025
0 0.330469 0.70312475 0.064062 0.07187475
0 0.335938 0.62421875 0.059375 0.0609375
