2 0.332031 0.28671875 0.067187 0.07343775
2 0.291406 0.29687525 0.057813 0.065625
0 0.363281 0.4015625 0.035937 0.03125025
0 0.313281 0.43828100000000003 0.032813 0.0328125
2 0.358594 0.48359375 0.051562 0.057812249999999996
2 0.370312 0.53984375 0.04375 0.06406275
2 0.34375 0.578906 0.05 0.0703125
2 0.307031 0.5609375 0.048438 0.065625
0 0.307031 0.6453125 0.051562 0.065625
0 0.378125 0.725 0.04375 0.06249975
0 0.342187 0.775781 0.04375 0.06718725
0 0.348438 0.8101565000000001 0.046875 0.06406275
0 0.369531 0.8328125 0.026561999999999995 0.043749750000000004
0 0.8054690000000001 0.209375 0.045312 0.075
0 0.797656 0.1804685 0.054688 0.0609375
