2 0.544531 0.30625025 0.057813 0.06249975
2 0.583594 0.36718775 0.067187 0.06249975
2 0.521875 0.382031 0.05625 0.0515625
2 0.539062 0.4296875 0.0625 0.05312475
2 0.508594 0.43671875 0.060937 0.04843725
1 0.504687 0.49687475000000003 0.0625 0.043749750000000004
1 0.525 0.5484372499999999 0.059375 0.05625
1 0.49375 0.5570315000000001 0.0625 0.04843725
1 0.508594 0.60156275 0.064062 0.043749750000000004
0 0.472656 0.6023435 0.051562 0.04531275
0 0.48906299999999997 0.6492185 0.05 0.0515625
0 0.45390600000000003 0.625781 0.054688 0.04843725
0 0.46093799999999996 0.6789065 0.05 0.05468775
0 0.478125 0.6882815 0.0375 0.05468775
0 0.44375 0.68125025 0.046875 0.05000025
