2 0.280469 0.26249975000000003 0.064062 0.07187475
2 0.298438 0.4109375 0.0625 0.059375250000000004
2 0.192188 0.372656 0.06875 0.0609375
2 0.225 0.4578125 0.0625 0.06249975
2 0.246875 0.51718775 0.0625 0.065625
2 0.292187 0.48359375 0.065625 0.06406275
2 0.251563 0.599219 0.059375 0.057812249999999996
1 0.302344 0.55468775 0.064062 0.059375250000000004
1 0.313281 0.617969 0.054688 0.057812249999999996
1 0.263281 0.64375025 0.048438 0.05000025
0 0.307812 0.678125 0.05625 0.05312475
0 0.301563 0.73124975 0.04375 0.065625
