2 0.533594 0.1539065 0.070312 0.05468775
1 0.529687 0.23984375 0.053125 0.08281275
1 0.614062 0.18125 0.05 0.05312475
1 0.590625 0.23046875 0.059375 0.06406275
1 0.538281 0.30546875 0.057813 0.06718725
0 0.592187 0.2890625 0.05 0.065625
0 0.591406 0.355469 0.048438 0.057812249999999996
0 0.591406 0.42109399999999997 0.048438 0.0609375
0 0.528906 0.43515650000000006 0.051562 0.0703125
0 0.588281 0.48906275 0.054688 0.075
0 0.555469 0.5218752500000001 0.051562 0.07187475
0 0.553906 0.59609375 0.048438 0.0515625
0 0.544531 0.6656247499999999 0.051562 0.065625
0 0.515625 0.702344 0.0375 0.057812249999999996
0 0.485938 0.62500025 0.04375 0.059375250000000004
