2 0.34375 0.34843775 0.059375 0.075
2 0.335156 0.40781225 0.064062 0.06875025
2 0.314063 0.44453149999999997 0.065625 0.0703125
2 0.255469 0.3125 0.067187 0.06875025
1 0.257031 0.3585935 0.057813 0.057812249999999996
2 0.251563 0.4109375 0.071875 0.06875025
2 0.251563 0.46015625 0.059375 0.06718725
1 0.297656 0.48749975 0.060937 0.05625
0 0.24765600000000002 0.51718775 0.060937 0.065625
0 0.303125 0.6078125 0.065625 0.075
0 0.228906 0.6492185 0.073438 0.07656225
0 0.275781 0.7015625 0.051562 0.06249975
0 0.308594 0.7562502500000001 0.054688 0.07812525000000001
0 0.23046899999999998 0.74375 0.051562 0.07187475
2 0.832031 0.47421875 0.042188 0.0515625
2 0.898438 0.5273435 0.040625 0.0328125
1 0.8835940000000001 0.74062475 0.042188 0.05312475
1 0.890625 0.696875 0.04375 0.046875
0 0.846875 0.75546875 0.04375 0.04843725
0 0.825 0.82031225 0.0375 0.046875
