2 0.9601559999999999 0.30468725 0.054688 0.06249975
2 0.960938 0.50234375 0.05625 0.0703125
2 0.907813 0.48515600000000003 0.08125 0.07343775
2 0.974219 0.53593775 0.051562 0.065625
2 0.382812 0.4296875 0.05 0.05312475
2 0.30625 0.38046875 0.05 0.0609375
2 0.285938 0.42734375 0.05625 0.0609375
2 0.321094 0.4726565 0.048438 0.07343775
2 0.353906 0.46796899999999997 0.048438 0.06718725
2 0.375781 0.5179685 0.057813 0.03906225
2 0.375781 0.569531 0.064062 0.057812249999999996
2 0.382031 0.6304684999999999 0.057813 0.06718725
2 0.346875 0.571094 0.059375 0.0515625
2 0.339062 0.6132815 0.06875 0.05468775
1 0.332031 0.33906274999999997 0.042188 0.04062525
1 0.270313 0.49140649999999997 0.04375 0.0609375
1 0.4 0.4671875 0.04375 0.046875
1 0.352344 0.70468775 0.054688 0.075
1 0.335938 0.65781275 0.05 0.065625
0 0.332813 0.5328125 0.05 0.065625
0 0.376563 0.363281 0.03125 0.02968725
0 0.440625 0.33125 0.025 0.034374749999999996
0 0.380469 0.30078125 0.026561999999999995 0.0328125
0 0.41718700000000003 0.49140649999999997 0.04375 0.0234375
2 0.8898439999999999 0.8312502500000001 0.032813 0.046875
2 0.857812 0.85390625 0.03125 0.0421875
2 0.8132810000000001 0.8554685 0.035937 0.0328125
2 0.8351559999999999 0.8429690000000001 0.035937 0.04531275
