1 0.41875 0.20546899999999998 0.06875 0.06718725
1 0.333594 0.24062524999999998 0.060937 0.065625
1 0.328906 0.299219 0.067187 0.0703125
1 0.383594 0.269531 0.076563 0.07343775
1 0.388281 0.336719 0.070312 0.057812249999999996
1 0.332031 0.3585935 0.070312 0.0609375
1 0.332813 0.4335935 0.059375 0.0609375
1 0.329688 0.503906 0.059375 0.06718725
1 0.388281 0.39921875 0.076563 0.057812249999999996
1 0.378906 0.47500025 0.073438 0.059375250000000004
1 0.373437 0.53906225 0.065625 0.06875025
0 0.323437 0.565625 0.059375 0.065625
0 0.314844 0.6226565 0.048438 0.06718725
0 0.360938 0.60937475 0.05625 0.06875025
0 0.317188 0.69062525 0.053125 0.08124975
0 0.334375 0.7109375 0.046875 0.084375
0 0.373437 0.67499975 0.046875 0.084375
