2 0.373437 0.20624975 0.053125 0.059375250000000004
2 0.478906 0.213281 0.048438 0.05468775
2 0.382031 0.29375 0.048438 0.05625
2 0.450781 0.28046899999999997 0.045312 0.06718725
2 0.49375 0.3117185 0.05 0.07343775
2 0.43671899999999997 0.346094 0.048438 0.0703125
2 0.48515600000000003 0.37656275000000006 0.045312 0.06249975
2 0.379688 0.37031225 0.05625 0.05312475
2 0.440625 0.355469 0.05 0.0609375
2 0.425781 0.40390625 0.064062 0.05468775
2 0.478125 0.434375 0.046875 0.065625
2 0.375 0.42812525 0.053125 0.065625
2 0.382031 0.4726565 0.054688 0.057812249999999996
2 0.424219 0.4539065 0.048438 0.057812249999999996
2 0.425781 0.50781275 0.051562 0.05625
2 0.384375 0.53984375 0.046875 0.0703125
1 0.395313 0.588281 0.046875 0.0609375
0 0.415625 0.62968775 0.05 0.06249975
0 0.459375 0.6078125 0.046875 0.07187475
1 0.43281200000000003 0.55625 0.05 0.05000025
0 0.48515600000000003 0.4804685 0.048438 0.04843725
0 0.511719 0.5148440000000001 0.048438 0.05468775
0 0.529687 0.550781 0.040625 0.0609375
0 0.49921899999999997 0.53984375 0.048438 0.057812249999999996
2 0.658594 0.76953125 0.045312 0.05468775
2 0.726562 0.8 0.05625 0.05625
2 0.671094 0.84921875 0.051562 0.0515625
2 0.717187 0.8429690000000001 0.05625 0.0515625
0 0.949219 0.19765625 0.054688 0.06406275
0 0.928125 0.14999975000000002 0.053125 0.046875
0 0.882812 0.15156275 0.053125 0.05000025
0 0.904687 0.19375024999999998 0.046875 0.059375250000000004
0 0.9367189999999999 0.2375 0.060937 0.07187475
