2 0.344531 0.27812525 0.060937 0.046875
2 0.327344 0.37499975 0.057813 0.05625
2 0.255469 0.38125025 0.073438 0.065625
2 0.350781 0.41718725 0.064062 0.07187475
2 0.350781 0.46171850000000003 0.064062 0.0703125
2 0.23906299999999997 0.47890625 0.078125 0.0703125
2 0.370312 0.5367184999999999 0.059375 0.07656225
2 0.282813 0.51250025 0.0625 0.059375250000000004
1 0.248438 0.55781225 0.065625 0.065625
1 0.267188 0.616406 0.059375 0.0703125
1 0.390625 0.589844 0.05625 0.0703125
1 0.432031 0.6359375 0.054688 0.075
1 0.290625 0.68437475 0.05625 0.06249975
0 0.321094 0.7429685 0.048438 0.06718725
0 0.377344 0.7484375 0.051562 0.075
0 0.375781 0.67578125 0.064062 0.0515625
0 0.85625 0.28750025 0.059375 0.07187475
0 0.884375 0.23515625 0.053125 0.0703125
0 0.848437 0.153125 0.05 0.05312475
0 0.921875 0.15859399999999998 0.0625 0.0609375
0 0.9460940000000001 0.22265600000000002 0.048438 0.0703125
0 0.9445309999999999 0.24843725 0.048438 0.059375250000000004
1 0.308594 0.57265625 0.064062 0.0703125
