1 0.340625 0.31484375 0.0484375 0.0484375
0 0.38125 0.360546875 0.0453125 0.04140625
0 0.37578125 0.403515625 0.0375 0.03671875
0 0.39765625 0.416015625 0.046875 0.04296875000000001
0 0.38671875 0.46484375 0.0484375 0.04375
2 0.280078125 0.65859375 0.05859375 0.045312500000000006
2 0.2171875 0.695703125 0.046875 0.04609375
0 0.698046875 0.53125 0.03984375 0.0390625
0 0.659375 0.521484375 0.0421875 0.03984375
1 0.70078125 0.494140625 0.0390625 0.03515625
1 0.344140625 0.35390625 0.04609375 0.045312500000000006
2 0.218359375 0.75546875 0.05859375 0.0515625
2 0.280859375 0.758984375 0.05546875 0.04453125
2 0.666015625 0.3421875 0.04453125 0.04375
2 0.656640625 0.392578125 0.04765625 0.04609375
