1 0.355859375 0.283203125 0.05078125 0.04296875000000001
1 0.36796875 0.31640625 0.05 0.046875
1 0.418359375 0.3671875 0.04453125 0.0421875
0 0.358203125 0.362890625 0.04453125 0.04609375
0 0.3453125 0.40703125 0.046875 0.0484375
0 0.39375 0.40234375 0.046875 0.04375
2 0.369140625 0.56953125 0.04296875 0.040624999999999994
2 0.325 0.601171875 0.040625 0.04609375
2 0.351171875 0.61640625 0.04921875 0.045312500000000006
2 0.398046875 0.607421875 0.04921875 0.04609375
1 0.35390625 0.659375 0.040625 0.0375
1 0.409375 0.649609375 0.0453125 0.04453125
1 0.437109375 0.65234375 0.03671875 0.0390625
1 0.426171875 0.678515625 0.03515625 0.03359375
1 0.40546875 0.68203125 0.0328125 0.03125
1 0.372265625 0.69453125 0.04296875 0.040624999999999994
1 0.380078125 0.712109375 0.03984375 0.03359375
0 0.343359375 0.698046875 0.03515625 0.03671875
2 0.68515625 0.569921875 0.040625 0.04453125
2 0.69921875 0.609375 0.0375 0.0359375
2 0.69609375 0.641796875 0.0390625 0.03359375
2 0.7328125 0.660546875 0.0390625 0.03515625
2 0.739453125 0.63046875 0.04296875 0.0375
2 0.74140625 0.591015625 0.0390625 0.04140625
2 0.825390625 0.253125 0.04921875 0.04375
2 0.898828125 0.268359375 0.04296875 0.03671875
2 0.897265625 0.306640625 0.04140625 0.038281249999999996
2 0.85625 0.308203125 0.04375 0.04140625
2 0.834375 0.276171875 0.040625 0.03671875
1 0.915234375 0.338671875 0.03515625 0.03203125
2 0.862890625 0.34375 0.03046875 0.0296875
0 0.882421875 0.339453125 0.02421875 0.02421875
1 0.897265625 0.35625 0.03515625 0.03125
