1 0.456640625 0.662109375 0.05703125 0.05546875
1 0.5171875 0.64765625 0.05 0.053125
1 0.50234375 0.71484375 0.0546875 0.05625
0 0.56328125 0.680078125 0.05 0.05390625
0 0.534765625 0.753515625 0.05390625 0.05234375
0 0.578515625 0.725390625 0.05390625 0.05234375
1 0.074609375 0.6328125 0.06171875 0.0546875
0 0.095703125 0.6859375 0.05859375 0.0546875
0 0.087890625 0.7359375 0.04609375 0.053125
0 0.04609375 0.73984375 0.06875 0.0578125
0 0.0109375 0.76328125 0.0203125 0.0359375
0 0.083984375 0.771875 0.04296875 0.01875
0 0.03515625 0.665234375 0.0640625 0.05390625
2 0.074609375 0.254296875 0.05078125 0.04921874999999999
1 0.1171875 0.25703125 0.0390625 0.040624999999999994
