2 0.053515625 0.591796875 0.04453125 0.04609375
2 0.103125 0.575390625 0.04375 0.03671875
2 0.098828125 0.616015625 0.05078125 0.04296875000000001
2 0.065625 0.63359375 0.0453125 0.0390625
2 0.105859375 0.657421875 0.05234375 0.04296875000000001
2 0.076953125 0.67421875 0.04921875 0.040624999999999994
1 0.25390625 0.304296875 0.0515625 0.04921874999999999
1 0.243359375 0.35234375 0.04140625 0.0421875
1 0.284765625 0.353515625 0.05078125 0.04609375
1 0.28984375 0.402734375 0.05 0.04296875000000001
1 0.24765625 0.391015625 0.0421875 0.03671875
1 0.26015625 0.424609375 0.046875 0.04140625
2 0.987109375 0.48359375 0.02578125 0.0328125
1 0.98671875 0.548828125 0.0265625 0.03359375
1 0.987890625 0.576171875 0.02421875 0.022656250000000003
