2 0.098828125 0.334375 0.03828125 0.0328125
2 0.098046875 0.3125 0.03515625 0.0296875
2 0.115234375 0.3515625 0.03203125 0.034375
0 0.133984375 0.4109375 0.03828125 0.034375
0 0.153515625 0.43125 0.03515625 0.034375
0 0.12890625 0.448046875 0.0375 0.03046875
1 0.137109375 0.39375 0.03828125 0.034375
2 0.176171875 0.6828125 0.03984375 0.0359375
2 0.15390625 0.74296875 0.034375 0.034375
2 0.610546875 0.4109375 0.04296875 0.0390625
2 0.598046875 0.446875 0.04765625 0.04375
2 0.559765625 0.437890625 0.04296875 0.038281249999999996
2 0.551953125 0.470703125 0.04140625 0.03359375
2 0.590234375 0.483984375 0.04765625 0.04453125
2 0.557421875 0.510546875 0.04296875 0.03984375
2 0.58359375 0.740625 0.025 0.025
2 0.6109375 0.7671875 0.021875 0.021875
2 0.597265625 0.774609375 0.01953125 0.01328125
