2 0.9046875 0.505078125 0.0625 0.04609375
2 0.861328125 0.544921875 0.06796875 0.05390625
1 0.813671875 0.565625 0.03828125 0.034375
1 0.8859375 0.5890625 0.0546875 0.045312500000000006
1 0.817578125 0.605078125 0.05234375 0.04140625
1 0.8828125 0.6359375 0.053125 0.046875
1 0.81875 0.64921875 0.0515625 0.045312500000000006
0 0.83046875 0.697265625 0.0453125 0.03984375
0 0.864453125 0.677734375 0.04921875 0.04609375
0 0.798046875 0.225390625 0.03828125 0.01171875
0 0.779296875 0.253515625 0.04609375 0.038281249999999996
