2 0.31328125 0.58984375 0.0359375 0.0328125
2 0.27578125 0.623828125 0.03125 0.03046875
2 0.316015625 0.646875 0.04765625 0.045312500000000006
2 0.276171875 0.65703125 0.03515625 0.0359375
2 0.270703125 0.69453125 0.03515625 0.0375
2 0.30703125 0.68984375 0.046875 0.040624999999999994
2 0.316015625 0.72890625 0.04765625 0.0390625
2 0.486328125 0.312109375 0.04921875 0.04765625
1 0.50546875 0.354296875 0.046875 0.04453125
1 0.509375 0.398828125 0.0453125 0.04609375
1 0.531640625 0.395703125 0.03828125 0.04296875000000001
1 0.501953125 0.4421875 0.04140625 0.040624999999999994
1 0.521484375 0.437109375 0.03984375 0.03359375
