1 0.5046875 0.3953125 0.0453125 0.0421875
1 0.46875 0.37421875 0.046875 0.04375
1 0.519140625 0.367578125 0.04609375 0.04140625
2 0.475390625 0.2578125 0.04921875 0.0421875
2 0.526171875 0.280859375 0.04609375 0.03984375
2 0.53046875 0.297265625 0.0484375 0.038281249999999996
2 0.47265625 0.294921875 0.046875 0.04140625
1 0.5265625 0.327734375 0.046875 0.03984375
1 0.4578125 0.333203125 0.05 0.04296875000000001
2 0.39609375 0.593359375 0.025 0.02421875
2 0.3390625 0.59921875 0.0375 0.0390625
2 0.35703125 0.619140625 0.0375 0.03671875
2 0.3984375 0.647265625 0.0375 0.038281249999999996
2 0.353515625 0.6546875 0.03828125 0.034375
2 0.374609375 0.675 0.03828125 0.0375
2 0.393359375 0.7078125 0.03515625 0.0328125
1 0.3953125 0.744921875 0.03125 0.03359375
1 0.394921875 0.77265625 0.03046875 0.0171875
