1 0.313671875 0.2390625 0.05703125 0.0390625
1 0.3703125 0.238671875 0.0546875 0.038281249999999996
1 0.317578125 0.287109375 0.06015625 0.05546875
1 0.3734375 0.28203125 0.05625 0.05625
1 0.3671875 0.328125 0.0515625 0.0546875
2 0.81796875 0.459375 0.05625 0.045312500000000006
2 0.878125 0.4953125 0.0609375 0.0578125
2 0.78359375 0.490625 0.0546875 0.0484375
2 0.833984375 0.501171875 0.04609375 0.04453125
2 0.814453125 0.5296875 0.05703125 0.046875
2 0.7640625 0.53515625 0.0515625 0.040624999999999994
2 0.78671875 0.566796875 0.053125 0.04609375
2 0.7375 0.571484375 0.0421875 0.03984375
1 0.725390625 0.611328125 0.04609375 0.04453125
1 0.755859375 0.6046875 0.04609375 0.0421875
2 0.326171875 0.525390625 0.03203125 0.03046875
2 0.31328125 0.5671875 0.034375 0.034375
2 0.33125 0.6046875 0.034375 0.034375
1 0.3484375 0.6375 0.034375 0.03125
0 0.35390625 0.67109375 0.0375 0.034375
0 0.366015625 0.697265625 0.02109375 0.01953125
0 0.355078125 0.71875 0.02265625 0.021875
