2 0.56328125 0.621875 0.0375 0.0390625
2 0.532421875 0.6421875 0.04140625 0.0390625
2 0.5140625 0.6765625 0.04375 0.040624999999999994
1 0.495703125 0.694921875 0.03359375 0.038281249999999996
1 0.494921875 0.673046875 0.03359375 0.03515625
0 0.038671875 0.384375 0.05546875 0.040624999999999994
0 0.07890625 0.3546875 0.0484375 0.040624999999999994
0 0.1265625 0.33671875 0.0421875 0.040624999999999994
1 0.121875 0.35625 0.0375 0.0390625
1 0.106640625 0.63984375 0.03828125 0.0375
1 0.128125 0.65546875 0.0328125 0.0359375
0 0.171875 0.716015625 0.040625 0.04140625
0 0.20546875 0.73046875 0.0375 0.034375
2 0.7296875 0.446875 0.046875 0.0515625
2 0.76953125 0.476171875 0.0359375 0.03515625
2 0.779296875 0.448828125 0.03671875 0.03671875
0 0.7359375 0.543359375 0.034375 0.03359375
0 0.77109375 0.541796875 0.034375 0.03046875
