1 0.26953125 0.33984375 0.046875 0.046875
1 0.201953125 0.3109375 0.04453125 0.0359375
1 0.25 0.326171875 0.0328125 0.03359375
1 0.184375 0.337109375 0.0484375 0.04140625
1 0.22734375 0.35234375 0.0453125 0.04375
1 0.22578125 0.38828125 0.0515625 0.04375
0 0.155078125 0.383203125 0.04921875 0.04453125
0 0.14765625 0.437109375 0.0484375 0.04296875000000001
0 0.184375 0.462109375 0.0453125 0.03984375
0 0.2125 0.4296875 0.05 0.040624999999999994
2 0.562109375 0.5390625 0.04296875 0.04375
2 0.566015625 0.569140625 0.04140625 0.03515625
2 0.5734375 0.60546875 0.0390625 0.0375
2 0.564453125 0.64140625 0.03984375 0.03125
2 0.546484375 0.671484375 0.03984375 0.03515625
2 0.593359375 0.583984375 0.03046875 0.03515625
2 0.768359375 0.43203125 0.03203125 0.03125
0 0.759375 0.489453125 0.025 0.02578125
0 0.73125 0.494140625 0.0296875 0.02578125
