2 0.773828125 0.45390625 0.06015625 0.0546875
2 0.732421875 0.50625 0.06640625 0.0546875
2 0.696484375 0.5171875 0.04765625 0.04375
2 0.712890625 0.5515625 0.05703125 0.0546875
1 0.667578125 0.562109375 0.04921875 0.04765625
1 0.712109375 0.59765625 0.05390625 0.053125
1 0.66015625 0.61015625 0.046875 0.045312500000000006
1 0.820703125 0.24921875 0.04765625 0.0375
1 0.854296875 0.262109375 0.04453125 0.04140625
0 0.808203125 0.285546875 0.04609375 0.03671875
0 0.808203125 0.321484375 0.04453125 0.03515625
0 0.680078125 0.63515625 0.03671875 0.034375
0 0.008203125 0.289453125 0.01484375 0.02734375
0 0.03671875 0.3109375 0.0375 0.0296875
0 0.053125 0.277734375 0.0359375 0.03359375
0 0.058203125 0.248046875 0.03828125 0.03515625
0 0.85859375 0.30390625 0.0328125 0.0328125
