2 0.411328125 0.29765625 0.03671875 0.0375
1 0.40703125 0.339453125 0.040625 0.03671875
1 0.435546875 0.332421875 0.03515625 0.03359375
1 0.415625 0.376953125 0.0390625 0.03671875
0 0.446875 0.363671875 0.034375 0.03359375
0 0.4484375 0.40234375 0.034375 0.034375
0 0.420703125 0.419140625 0.03828125 0.03515625
0 0.40859375 0.44765625 0.034375 0.03125
0 0.448046875 0.44140625 0.03828125 0.034375
2 0.7921875 0.737890625 0.040625 0.03984375
2 0.848046875 0.76328125 0.04296875 0.0359375
2 0.801171875 0.772265625 0.04140625 0.01796875
2 0.887109375 0.4625 0.03984375 0.0359375
2 0.868359375 0.505078125 0.03828125 0.03359375
0 0.858984375 0.541015625 0.04140625 0.03203125
0 0.851953125 0.574609375 0.03828125 0.03203125
