2 0.146875 0.7640625 0.0625 0.0328125
2 0.215234375 0.7640625 0.06015625 0.034375
2 0.694921875 0.6125 0.03984375 0.0390625
2 0.714453125 0.641796875 0.03828125 0.03515625
2 0.69765625 0.6921875 0.05 0.0515625
2 0.68828125 0.740625 0.0484375 0.0484375
1 0.66015625 0.7453125 0.034375 0.034375
1 0.676953125 0.772265625 0.03984375 0.01796875
2 0.670703125 0.69375 0.03984375 0.045312500000000006
2 0.682421875 0.651171875 0.04921875 0.04453125
0 0.455078125 0.473046875 0.04921875 0.04921874999999999
0 0.493359375 0.465625 0.04140625 0.0421875
1 0.4484375 0.430078125 0.0484375 0.04609375
1 0.48671875 0.428515625 0.0375 0.03984375
1 0.429296875 0.386328125 0.04921875 0.04765625
