1 0.32578125 0.63046875 0.0609375 0.05625
1 0.2828125 0.63671875 0.0546875 0.0515625
1 0.303515625 0.678515625 0.05546875 0.04765625
1 0.29453125 0.725390625 0.0578125 0.05390625
1 0.247265625 0.72734375 0.05546875 0.053125
1 0.265625 0.684765625 0.0421875 0.04140625
0 0.2625 0.760546875 0.0515625 0.038281249999999996
0 0.42421875 0.298046875 0.053125 0.05546875
0 0.477734375 0.275 0.05390625 0.053125
0 0.4203125 0.254296875 0.0546875 0.04765625
0 0.412109375 0.230859375 0.05546875 0.022656250000000003
0 0.48515625 0.24140625 0.0546875 0.0390625
2 0.761328125 0.653125 0.04765625 0.05
2 0.748046875 0.67734375 0.04921875 0.045312500000000006
2 0.723046875 0.711328125 0.05078125 0.04609375
2 0.7515625 0.719140625 0.0359375 0.038281249999999996
2 0.701171875 0.7421875 0.04296875 0.045312500000000006
2 0.697265625 0.772265625 0.03984375 0.01796875
2 0.733984375 0.77421875 0.02734375 0.0140625
