1 0.5515625 0.420703125 0.0484375 0.04609375
1 0.514453125 0.43828125 0.05703125 0.05
1 0.485546875 0.412109375 0.04765625 0.03984375
1 0.4515625 0.435546875 0.0484375 0.04296875000000001
0 0.489453125 0.465234375 0.04921875 0.04453125
0 0.46875 0.515234375 0.05 0.04609375
0 0.426953125 0.4796875 0.04609375 0.046875
2 0.960546875 0.521875 0.04921875 0.040624999999999994
1 0.984375 0.5515625 0.03125 0.0375
1 0.99140625 0.591015625 0.0171875 0.03203125
0 0.46484375 0.225390625 0.028125 0.01171875
0 0.429296875 0.245703125 0.03515625 0.03515625
0 0.452734375 0.248046875 0.03203125 0.03671875
