0 0.0328125 0.2828125 0.059375 0.0515625
0 0.0578125 0.251953125 0.0625 0.05390625
0 0.0796875 0.2359375 0.0609375 0.0328125
2 0.393359375 0.64921875 0.04921875 0.045312500000000006
2 0.414453125 0.671875 0.04453125 0.045312500000000006
2 0.373828125 0.705859375 0.05078125 0.04609375
2 0.416015625 0.7125 0.04140625 0.0390625
2 0.35859375 0.7375 0.046875 0.04375
2 0.40546875 0.740234375 0.0390625 0.03984375
2 0.359375 0.768359375 0.0453125 0.02578125
2 0.658984375 0.33984375 0.04453125 0.045312500000000006
2 0.684765625 0.366015625 0.03828125 0.03984375
2 0.699609375 0.400390625 0.04453125 0.038281249999999996
2 0.66875 0.37734375 0.0359375 0.0359375
1 0.68203125 0.448828125 0.0359375 0.03515625
1 0.709375 0.432421875 0.0421875 0.04140625
0 0.013671875 0.2390625 0.02578125 0.0390625
