0 0.326953125 0.247265625 0.05234375 0.05546875
0 0.276953125 0.243359375 0.04140625 0.038281249999999996
0 0.290625 0.265234375 0.05625 0.05234375
0 0.3765625 0.27734375 0.0515625 0.04375
0 0.386328125 0.3046875 0.05390625 0.0421875
0 0.391796875 0.3375 0.04921875 0.046875
0 0.393359375 0.384765625 0.05234375 0.04609375
0 0.328515625 0.316796875 0.05234375 0.04296875000000001
0 0.339453125 0.350390625 0.05546875 0.05234375
1 0.241796875 0.558203125 0.05703125 0.05234375
1 0.266796875 0.600390625 0.04921875 0.05078125
1 0.297265625 0.61875 0.05390625 0.05
0 0.330078125 0.6671875 0.05546875 0.0515625
0 0.3515625 0.703125 0.05 0.04375
2 0.944921875 0.73828125 0.04609375 0.04375
2 0.91640625 0.758984375 0.05625 0.04453125
