0 0.2078125 0.275 0.0390625 0.0328125
0 0.22734375 0.2578125 0.046875 0.04375
0 0.291015625 0.2796875 0.06171875 0.0515625
0 0.283203125 0.324609375 0.06171875 0.05703125
0 0.194921875 0.344921875 0.06484375 0.05546875
0 0.26015625 0.387109375 0.059375 0.05234375
0 0.35859375 0.596875 0.05625 0.0515625
0 0.318359375 0.6203125 0.04453125 0.0484375
0 0.265625 0.644921875 0.0390625 0.03984375
0 0.333203125 0.676953125 0.05234375 0.04609375
0 0.274609375 0.719140625 0.05546875 0.05390625
0 0.324609375 0.732421875 0.05390625 0.05390625
0 0.25859375 0.763671875 0.0421875 0.03515625
0 0.220703125 0.7359375 0.04921875 0.0515625
0 0.303125 0.769921875 0.0359375 0.022656250000000003
