2 0.388671875 0.65234375 0.05703125 0.0546875
2 0.38828125 0.70546875 0.0546875 0.0546875
2 0.43359375 0.6828125 0.053125 0.0515625
1 0.382421875 0.761328125 0.04296875 0.03984375
1 0.439453125 0.729296875 0.03828125 0.04453125
1 0.433203125 0.772265625 0.04296875 0.01796875
2 0.51875 0.34609375 0.0390625 0.0390625
1 0.565625 0.326953125 0.0265625 0.02578125
1 0.55546875 0.353125 0.025 0.025
1 0.592578125 0.364453125 0.03671875 0.03671875
1 0.5796875 0.383984375 0.0375 0.03359375
1 0.6203125 0.39765625 0.0375 0.0375
0 0.596484375 0.41875 0.03828125 0.03125
0 0.407421875 0.623046875 0.02578125 0.022656250000000003
