2 0.31875 0.640234375 0.0359375 0.03359375
2 0.262890625 0.6546875 0.03515625 0.034375
2 0.29140625 0.691015625 0.0390625 0.03671875
2 0.285546875 0.725 0.03359375 0.0296875
2 0.269140625 0.74609375 0.03828125 0.0296875
2 0.451953125 0.340625 0.04921875 0.046875
2 0.491796875 0.36796875 0.03828125 0.0359375
2 0.470703125 0.391015625 0.04140625 0.04453125
1 0.503125 0.40546875 0.0328125 0.03125
1 0.503515625 0.43046875 0.03984375 0.0375
1 0.51640625 0.459765625 0.040625 0.038281249999999996
1 0.486328125 0.47109375 0.04140625 0.0390625
1 0.466015625 0.43515625 0.04453125 0.040624999999999994
