2 0.6703125 0.235546875 0.05 0.03203125
2 0.609765625 0.248046875 0.03984375 0.03671875
1 0.6640625 0.272265625 0.0484375 0.04296875000000001
1 0.609765625 0.28671875 0.04765625 0.045312500000000006
1 0.6140625 0.32890625 0.0484375 0.0390625
1 0.66796875 0.308984375 0.0484375 0.04453125
1 0.655859375 0.353515625 0.04921875 0.04140625
2 0.539453125 0.563671875 0.02890625 0.02734375
2 0.61328125 0.63828125 0.040625 0.040624999999999994
2 0.584765625 0.615625 0.03046875 0.0296875
2 0.568359375 0.608984375 0.02890625 0.03046875
2 0.569921875 0.683984375 0.04609375 0.04140625
1 0.5375 0.69765625 0.0265625 0.0265625
2 0.594921875 0.647265625 0.03203125 0.03671875
1 0.2375 0.2265625 0.0265625 0.0140625
1 0.19765625 0.23671875 0.0265625 0.028125
1 0.2203125 0.257421875 0.0265625 0.02578125
1 0.249609375 0.260546875 0.03046875 0.03046875
0 0.24140625 0.2890625 0.034375 0.0328125
0 0.226171875 0.28359375 0.03046875 0.0296875
0 0.237890625 0.32265625 0.03046875 0.0296875
0 0.521875 0.748828125 0.021875 0.01953125
0 0.565625 0.72265625 0.025 0.0234375
2 0.6078125 0.751953125 0.025 0.022656250000000003
2 0.626171875 0.765625 0.02578125 0.025
2 0.04296875 0.771875 0.03125 0.01875
