2 0.1359375 0.67734375 0.0328125 0.0296875
2 0.1640625 0.691015625 0.01875 0.01953125
2 0.180859375 0.701953125 0.01796875 0.01953125
2 0.146484375 0.71328125 0.02890625 0.0296875
2 0.14453125 0.746875 0.0359375 0.034375
2 0.177734375 0.765234375 0.04140625 0.03203125
2 0.190625 0.7265625 0.0390625 0.040624999999999994
2 0.35 0.430078125 0.04375 0.04296875000000001
2 0.391015625 0.440625 0.04140625 0.040624999999999994
2 0.36484375 0.46796875 0.0453125 0.0421875
2 0.340625 0.465625 0.034375 0.0359375
2 0.3484375 0.5015625 0.0421875 0.0421875
1 0.367578125 0.537109375 0.03671875 0.02890625
1 0.346484375 0.544921875 0.04140625 0.03359375
1 0.3609375 0.567578125 0.0421875 0.038281249999999996
1 0.407421875 0.302734375 0.03671875 0.03671875
1 0.413671875 0.23046875 0.04296875 0.021875
1 0.43359375 0.24921875 0.040625 0.0390625
1 0.444140625 0.285546875 0.04453125 0.04609375
2 0.938671875 0.272265625 0.03359375 0.03203125
2 0.930078125 0.306640625 0.03671875 0.03046875
2 0.8859375 0.30078125 0.0296875 0.03125
1 0.891015625 0.33046875 0.03359375 0.0265625
1 0.89140625 0.358203125 0.028125 0.02734375
2 0.976171875 0.695703125 0.04765625 0.04609375
2 0.958984375 0.70234375 0.03671875 0.0390625
2 0.98671875 0.742578125 0.0265625 0.03984375
2 0.9671875 0.746875 0.034375 0.03125
2 0.9859375 0.771875 0.028125 0.01875
2 0.9640625 0.7703125 0.034375 0.021875
