0 0.214453125 0.228125 0.04609375 0.0171875
0 0.19921875 0.25234375 0.046875 0.040624999999999994
2 0.303515625 0.43828125 0.05859375 0.053125
2 0.327734375 0.480078125 0.06328125 0.05859375
2 0.230078125 0.480078125 0.06953125 0.05703125
2 0.3171875 0.536328125 0.0609375 0.05703125
2 0.221484375 0.52890625 0.06796875 0.0640625
2 0.243359375 0.582421875 0.06640625 0.05703125
1 0.311328125 0.58984375 0.05703125 0.0515625
1 0.2671875 0.6359375 0.059375 0.05625
1 0.330078125 0.633984375 0.05859375 0.05234375
0 0.284375 0.658203125 0.053125 0.04921874999999999
1 0.98828125 0.225390625 0.0234375 0.01171875
1 0.9796875 0.2421875 0.040625 0.0421875
1 0.978515625 0.311328125 0.04296875 0.04140625
1 0.97734375 0.284375 0.0453125 0.0390625
2 0.841015625 0.604296875 0.04609375 0.03984375
2 0.8234375 0.6390625 0.046875 0.045312500000000006
2 0.844140625 0.657421875 0.04296875 0.04140625
2 0.834375 0.68515625 0.05 0.04375
2 0.8625 0.6984375 0.0390625 0.0421875
2 0.853125 0.733203125 0.0421875 0.038281249999999996
2 0.85546875 0.7453125 0.0375 0.034375
