2 0.2 0.687890625 0.04375 0.04609375
2 0.171484375 0.6984375 0.03359375 0.0359375
2 0.195703125 0.73203125 0.04453125 0.040624999999999994
2 0.193359375 0.76640625 0.04453125 0.0296875
2 0.330078125 0.44921875 0.05078125 0.04375
2 0.3421875 0.491796875 0.0453125 0.04296875000000001
1 0.355078125 0.524609375 0.04140625 0.03671875
1 0.370703125 0.550390625 0.03984375 0.03359375
0 0.346484375 0.5578125 0.03203125 0.03125
1 0.333203125 0.529296875 0.03046875 0.03359375
2 0.318359375 0.473828125 0.03046875 0.03984375
