1 0.20859375 0.660546875 0.05 0.04140625
2 0.2375 0.617578125 0.0484375 0.04609375
2 0.2640625 0.579296875 0.053125 0.04921874999999999
2 0.317578125 0.559765625 0.05546875 0.05859375
0 0.56171875 0.4609375 0.0390625 0.0359375
0 0.534375 0.471484375 0.028125 0.022656250000000003
0 0.573828125 0.421484375 0.03515625 0.03515625
1 0.549609375 0.3140625 0.03828125 0.0375
1 0.222265625 0.67734375 0.04609375 0.0421875
0 0.52578125 0.402734375 0.034375 0.03671875
0 0.565234375 0.3703125 0.03828125 0.034375
