2 0.33984375 0.69140625 0.0390625 0.0359375
2 0.315234375 0.773828125 0.03828125 0.01484375
2 0.344921875 0.755859375 0.04453125 0.038281249999999996
1 0.610546875 0.2890625 0.03828125 0.045312500000000006
0 0.5796875 0.297265625 0.046875 0.04296875000000001
0 0.5671875 0.335546875 0.0453125 0.04453125
0 0.5234375 0.321875 0.046875 0.04375
0 0.132421875 0.2453125 0.04296875 0.0375
0 0.145703125 0.22890625 0.04140625 0.01875
0 0.162109375 0.25 0.03515625 0.0375
2 0.571875 0.543359375 0.025 0.03359375
2 0.595703125 0.569921875 0.03671875 0.03359375
2 0.61796875 0.56484375 0.0265625 0.0359375
2 0.6046875 0.603515625 0.0359375 0.03359375
2 0.626953125 0.62265625 0.03671875 0.0328125
2 0.021875 0.348046875 0.0421875 0.03671875
2 0.030859375 0.38125 0.03359375 0.03125
0 0.028515625 0.428125 0.03984375 0.0328125
0 0.030859375 0.39609375 0.04609375 0.028125
