0 0.47421875 0.26015625 0.0453125 0.05
0 0.433984375 0.25859375 0.05078125 0.0484375
0 0.406640625 0.285546875 0.04609375 0.04765625
0 0.372265625 0.320703125 0.04921875 0.04921874999999999
0 0.38359375 0.291796875 0.0484375 0.04296875000000001
2 0.394921875 0.580859375 0.04921875 0.04140625
1 0.3921875 0.632421875 0.0453125 0.04609375
1 0.37734375 0.676171875 0.0515625 0.05390625
0 0.358984375 0.65 0.04296875 0.0421875
0 0.35390625 0.6984375 0.0484375 0.0484375
1 0.373046875 0.60625 0.03671875 0.0375
2 0.395703125 0.75859375 0.03671875 0.0359375
