2 0.442578125 0.46796875 0.05078125 0.045312500000000006
2 0.39296875 0.492578125 0.0515625 0.04765625
2 0.4515625 0.51328125 0.0453125 0.045312500000000006
2 0.40859375 0.537890625 0.0546875 0.04765625
2 0.408203125 0.58828125 0.05390625 0.053125
2 0.472265625 0.55546875 0.04921875 0.0484375
2 0.457421875 0.603125 0.04609375 0.045312500000000006
2 0.42890625 0.63671875 0.0515625 0.046875
2 0.469921875 0.653125 0.04765625 0.046875
2 0.893359375 0.696875 0.03203125 0.0328125
2 0.88828125 0.726953125 0.0375 0.03671875
2 0.853515625 0.7390625 0.03515625 0.0328125
2 0.848828125 0.76796875 0.03515625 0.0265625
2 0.8890625 0.758984375 0.034375 0.03046875
2 0.880078125 0.77578125 0.03046875 0.0109375
2 0.96484375 0.4921875 0.040625 0.0359375
2 0.922265625 0.50859375 0.03203125 0.03125
2 0.929296875 0.5390625 0.03359375 0.0296875
2 0.96953125 0.553515625 0.03125 0.03203125
2 0.942578125 0.569921875 0.03359375 0.02734375
2 0.571875 0.2265625 0.034375 0.0140625
2 0.525390625 0.226171875 0.03515625 0.01328125
2 0.52421875 0.250390625 0.034375 0.03046875
1 0.579296875 0.2453125 0.03515625 0.034375
1 0.576171875 0.27734375 0.03359375 0.03125
2 0.98125 0.25859375 0.0375 0.0359375
1 0.987890625 0.287890625 0.02421875 0.03515625
