0 0.354296875 0.340625 0.04453125 0.04375
0 0.316015625 0.368359375 0.04296875 0.04140625
0 0.322265625 0.40703125 0.03828125 0.040624999999999994
0 0.356640625 0.39765625 0.03359375 0.0359375
0 0.34921875 0.43046875 0.040625 0.0390625
2 0.202734375 0.615625 0.03671875 0.0375
1 0.226953125 0.642578125 0.03671875 0.03359375
1 0.228125 0.67578125 0.0390625 0.03125
0 0.245703125 0.6984375 0.03671875 0.034375
0 0.267578125 0.701953125 0.03046875 0.03515625
1 0.915234375 0.408984375 0.04453125 0.04140625
1 0.85703125 0.341015625 0.0421875 0.03515625
1 0.887109375 0.3578125 0.03359375 0.040624999999999994
1 0.922265625 0.36328125 0.04453125 0.0359375
1 0.908203125 0.3765625 0.03828125 0.0328125
0 0.865234375 0.3671875 0.04296875 0.0421875
0 0.85625 0.40703125 0.0421875 0.0375
0 0.846875 0.45234375 0.0390625 0.0359375
0 0.876953125 0.47578125 0.04140625 0.0359375
0 0.903515625 0.44453125 0.03828125 0.0359375
