2 0.1625 0.569140625 0.0640625 0.06015625
2 0.215234375 0.5796875 0.05390625 0.0484375
2 0.183984375 0.62265625 0.05859375 0.0546875
2 0.228515625 0.631640625 0.04453125 0.04765625
2 0.187109375 0.676953125 0.05859375 0.05234375
1 0.247265625 0.668359375 0.03828125 0.04296875000000001
2 0.196484375 0.725390625 0.05546875 0.04765625
1 0.239453125 0.709375 0.04296875 0.0421875
1 0.2125 0.745703125 0.0484375 0.04296875000000001
0 0.2625 0.73984375 0.0453125 0.04375
0 0.230859375 0.753515625 0.03515625 0.03203125
2 0.724609375 0.40078125 0.02890625 0.0265625
2 0.703125 0.4171875 0.0328125 0.03125
2 0.753515625 0.41484375 0.03828125 0.0328125
2 0.702734375 0.51171875 0.02578125 0.028125
2 0.72890625 0.4953125 0.028125 0.0296875
2 0.7421875 0.466796875 0.0328125 0.02890625
2 0.74140625 0.43984375 0.028125 0.0234375
2 0.708203125 0.45078125 0.03671875 0.0359375
2 0.721484375 0.42109375 0.02421875 0.0234375
