2 0.187890625 0.576171875 0.04765625 0.03671875
2 0.165234375 0.61640625 0.05078125 0.04375
2 0.136328125 0.646875 0.04765625 0.04375
2 0.158203125 0.67109375 0.04609375 0.04375
2 0.2 0.65 0.046875 0.0421875
2 0.219921875 0.62421875 0.04453125 0.0390625
2 0.24296875 0.601171875 0.04375 0.03515625
0 0.2828125 0.391796875 0.0453125 0.03671875
2 0.312890625 0.313671875 0.04140625 0.03671875
0 0.297265625 0.330078125 0.03203125 0.03359375
0 0.36796875 0.318359375 0.0453125 0.04296875000000001
0 0.347265625 0.338671875 0.04296875 0.038281249999999996
0 0.32890625 0.37265625 0.04375 0.04375
