2 0.004296875 0.355078125 0.00703125 0.02734375
2 0.00546875 0.38671875 0.009375 0.028125
1 0.009765625 0.428515625 0.01796875 0.03046875
2 0.394921875 0.34140625 0.04921875 0.0484375
2 0.4296875 0.380859375 0.0484375 0.04765625
2 0.4109375 0.421484375 0.046875 0.04453125
1 0.406640625 0.454296875 0.03828125 0.03203125
2 0.45 0.682421875 0.0375 0.04140625
2 0.426953125 0.691015625 0.03046875 0.03671875
2 0.452734375 0.71953125 0.03203125 0.0328125
2 0.43125 0.725390625 0.028125 0.03359375
2 0.451171875 0.755859375 0.04296875 0.038281249999999996
