2 0.737109375 0.269140625 0.03515625 0.03515625
2 0.719921875 0.311328125 0.03515625 0.03984375
2 0.693359375 0.2953125 0.04453125 0.0375
2 0.680078125 0.31796875 0.05234375 0.04375
2 0.667578125 0.34375 0.04453125 0.0359375
2 0.702734375 0.366015625 0.05234375 0.04765625
2 0.652734375 0.38515625 0.04765625 0.040624999999999994
1 0.680078125 0.39921875 0.03828125 0.0390625
1 0.655859375 0.444921875 0.04453125 0.04140625
1 0.636328125 0.423828125 0.04140625 0.038281249999999996
2 0.788671875 0.659765625 0.04609375 0.04296875000000001
2 0.783203125 0.698828125 0.04609375 0.04140625
2 0.791796875 0.737109375 0.03984375 0.03671875
2 0.76328125 0.6609375 0.0265625 0.03125
2 0.767578125 0.624609375 0.02890625 0.02578125
0 0.3203125 0.36484375 0.0328125 0.0328125
0 0.2828125 0.34375 0.0359375 0.0328125
0 0.26640625 0.305859375 0.0328125 0.03671875
0 0.298828125 0.279296875 0.03828125 0.03046875
0 0.31484375 0.3234375 0.0359375 0.0375
