2 0.46015625 0.676953125 0.0328125 0.03671875
2 0.46875 0.711328125 0.040625 0.04140625
2 0.47421875 0.7484375 0.040625 0.0375
1 0.490625 0.771875 0.0421875 0.01875
1 0.49296875 0.379296875 0.04375 0.05078125
1 0.529296875 0.421875 0.03984375 0.04375
0 0.46796875 0.485546875 0.04375 0.05078125
0 0.50546875 0.441796875 0.0484375 0.04296875000000001
0 0.508203125 0.48203125 0.04765625 0.0421875
0 0.525 0.455859375 0.0375 0.03671875
0 0.9484375 0.279296875 0.0515625 0.03984375
0 0.98125 0.241796875 0.0375 0.04453125
0 0.9796875 0.305078125 0.040625 0.04140625
0 0.99375 0.268359375 0.0125 0.02578125
2 0.9828125 0.765625 0.034375 0.03125
