0 0.712890625 0.416796875 0.03984375 0.038281249999999996
0 0.7328125 0.38359375 0.040625 0.0375
1 0.763671875 0.35078125 0.04296875 0.034375
0 0.80390625 0.370703125 0.04375 0.038281249999999996
0 0.745703125 0.412890625 0.03828125 0.03515625
1 0.775390625 0.391015625 0.03203125 0.038281249999999996
2 0.178125 0.290625 0.04375 0.040624999999999994
2 0.188671875 0.336328125 0.04140625 0.03984375
2 0.2296875 0.326171875 0.04375 0.04140625
2 0.208984375 0.301171875 0.04140625 0.03359375
1 0.193359375 0.376171875 0.03984375 0.03359375
1 0.212890625 0.404296875 0.04453125 0.038281249999999996
0 0.240625 0.413671875 0.0390625 0.038281249999999996
