2 0.52734375 0.494140625 0.0421875 0.04296875000000001
2 0.5671875 0.496484375 0.0453125 0.04453125
2 0.584375 0.533984375 0.040625 0.038281249999999996
2 0.543359375 0.5296875 0.03984375 0.0390625
2 0.5578125 0.563671875 0.0328125 0.03515625
2 0.58828125 0.574609375 0.0390625 0.03984375
1 0.59765625 0.612890625 0.0390625 0.03671875
1 0.57734375 0.598046875 0.034375 0.03359375
2 0.93828125 0.49375 0.0375 0.0359375
2 0.990234375 0.537109375 0.01953125 0.02890625
2 0.961328125 0.616796875 0.03359375 0.03359375
