2 0.6234375 0.715234375 0.0484375 0.04921874999999999
2 0.5890625 0.755859375 0.05 0.038281249999999996
1 0.813671875 0.2625 0.03984375 0.03125
0 0.760546875 0.27265625 0.04296875 0.0359375
2 0.0375 0.2734375 0.0375 0.028125
2 0.044140625 0.31640625 0.03984375 0.0375
2 0.0890625 0.3265625 0.0390625 0.03125
1 0.10703125 0.35859375 0.0359375 0.034375
0 0.10625 0.3875 0.04375 0.034375
0 0.108984375 0.42578125 0.04140625 0.034375
0 0.0796875 0.397265625 0.0375 0.04140625
2 0.0203125 0.65390625 0.0390625 0.045312500000000006
2 0.018359375 0.696875 0.03359375 0.0390625
2 0.008203125 0.735546875 0.01484375 0.03359375
0 0.784765625 0.303125 0.03203125 0.03125
0 0.73984375 0.31796875 0.0390625 0.034375
0 0.726171875 0.35390625 0.03359375 0.0328125
