1 0.223828125 0.292578125 0.06015625 0.04453125
1 0.1421875 0.305078125 0.0640625 0.04765625
1 0.218359375 0.322265625 0.06171875 0.05234375
0 0.13828125 0.34765625 0.065625 0.046875
0 0.216015625 0.377734375 0.06328125 0.05703125
0 0.137890625 0.408203125 0.07109375 0.05546875
2 0.103515625 0.597265625 0.06640625 0.05859375
2 0.0375 0.703515625 0.0734375 0.06953125
1 0.04921875 0.759765625 0.075 0.04296875000000001
0 0.124609375 0.71328125 0.06015625 0.053125
0 0.12734375 0.762109375 0.0578125 0.038281249999999996
2 0.99140625 0.55703125 0.0171875 0.0421875
