2 0.255859375 0.601171875 0.11640625 0.16796875
2 0.28984375 0.544140625 0.04375 0.04609375
2 0.222265625 0.54296875 0.04765625 0.046875
2 0.25703125 0.565234375 0.0453125 0.04296875000000001
2 0.261328125 0.60859375 0.04453125 0.034375
2 0.2703125 0.640625 0.040625 0.03125
2 0.25625 0.669140625 0.0421875 0.03515625
2 0.240234375 0.60546875 0.02890625 0.0328125
2 0.2453125 0.639453125 0.03125 0.03203125
1 0.349609375 0.25078125 0.04765625 0.04375
1 0.358203125 0.29140625 0.04453125 0.0484375
1 0.371875 0.331640625 0.04375 0.038281249999999996
0 0.34921875 0.334765625 0.0359375 0.038281249999999996
0 0.337109375 0.366015625 0.04140625 0.03984375
0 0.3703125 0.36640625 0.0390625 0.040624999999999994
