2 0.688671875 0.579296875 0.05234375 0.04296875000000001
2 0.77421875 0.6015625 0.053125 0.045312500000000006
2 0.680078125 0.643359375 0.05390625 0.05234375
2 0.751953125 0.633984375 0.05703125 0.04765625
2 0.67734375 0.690234375 0.053125 0.04921874999999999
2 0.7421875 0.67421875 0.0515625 0.05
1 0.68046875 0.73984375 0.0515625 0.05
2 0.744921875 0.723828125 0.05546875 0.04765625
1 0.7359375 0.76484375 0.046875 0.0328125
0 0.697265625 0.76640625 0.04609375 0.0296875
1 0.233984375 0.41875 0.04296875 0.0421875
1 0.23359375 0.44609375 0.0421875 0.0375
0 0.281640625 0.516015625 0.03828125 0.03203125
0 0.260546875 0.485546875 0.03515625 0.03203125
0 0.29765625 0.490234375 0.040625 0.03515625
1 0.3 0.45546875 0.034375 0.0359375
1 0.875390625 0.352734375 0.03515625 0.03203125
0 0.88359375 0.398828125 0.034375 0.03359375
1 0.82578125 0.384375 0.028125 0.028125
