2 0.447265625 0.65546875 0.04296875 0.0390625
2 0.3984375 0.725 0.046875 0.0546875
2 0.455859375 0.717578125 0.04765625 0.04765625
2 0.457421875 0.74296875 0.04453125 0.0390625
2 0.408203125 0.7640625 0.04296875 0.034375
2 0.45703125 0.77109375 0.0421875 0.020312499999999997
2 0.469921875 0.307421875 0.04765625 0.04609375
2 0.53359375 0.324609375 0.0578125 0.05234375
2 0.4921875 0.340625 0.0484375 0.045312500000000006
2 0.501953125 0.3828125 0.04765625 0.046875
2 0.5578125 0.360546875 0.0421875 0.038281249999999996
1 0.556640625 0.405078125 0.04453125 0.03984375
1 0.528125 0.4203125 0.04375 0.0421875
