1 0.51640625 0.341796875 0.04375 0.038281249999999996
1 0.5828125 0.349609375 0.046875 0.038281249999999996
1 0.580859375 0.36796875 0.04609375 0.040624999999999994
1 0.51484375 0.37578125 0.04375 0.0421875
1 0.56171875 0.407421875 0.040625 0.038281249999999996
1 0.514453125 0.41484375 0.04140625 0.04375
1 0.55625 0.440234375 0.0421875 0.04140625
1 0.519140625 0.45390625 0.03828125 0.0375
2 0.467578125 0.641796875 0.04140625 0.04609375
2 0.49453125 0.667578125 0.04375 0.04609375
2 0.501953125 0.71640625 0.04296875 0.0390625
2 0.52109375 0.75078125 0.0359375 0.0359375
2 0.51875 0.67421875 0.03125 0.0328125
2 0.47734375 0.676171875 0.0265625 0.038281249999999996
2 0.52265625 0.7171875 0.0296875 0.028125
2 0.9625 0.541796875 0.040625 0.03671875
2 0.926171875 0.554296875 0.04140625 0.03671875
2 0.893359375 0.573046875 0.04453125 0.03359375
2 0.92265625 0.5890625 0.040625 0.034375
1 0.88359375 0.603125 0.0375 0.034375
1 0.85703125 0.618359375 0.0390625 0.03203125
1 0.885546875 0.637109375 0.03828125 0.03046875
1 0.908984375 0.615234375 0.04296875 0.03515625
0 0.030859375 0.435546875 0.03515625 0.03203125
0 0.022265625 0.44375 0.03359375 0.0328125
0 0.061328125 0.43984375 0.03203125 0.0296875
0 0.0546875 0.4609375 0.034375 0.028125
