2 0.979296875 0.42421875 0.03984375 0.045312500000000006
2 0.924609375 0.455859375 0.06015625 0.04609375
2 0.923046875 0.4828125 0.05234375 0.0421875
2 0.87734375 0.48984375 0.05 0.0515625
2 0.87265625 0.539453125 0.0546875 0.04296875000000001
2 0.846875 0.580078125 0.0484375 0.04140625
2 0.298046875 0.367578125 0.06484375 0.06171875
2 0.201953125 0.38203125 0.07109375 0.059375
1 0.288671875 0.41953125 0.06484375 0.0640625
1 0.187109375 0.441015625 0.06484375 0.05546875
1 0.1890625 0.501171875 0.06875 0.05234375
0 0.2390625 0.533203125 0.059375 0.05078125
1 0.26640625 0.4796875 0.0625 0.05625
2 0.183203125 0.757421875 0.05546875 0.04765625
2 0.32109375 0.321875 0.065625 0.0578125
2 0.217578125 0.320703125 0.05546875 0.05078125
2 0.25234375 0.762890625 0.0578125 0.03671875
