2 0.02109375 0.4734375 0.034375 0.028125
1 0.0921875 0.467578125 0.0296875 0.02578125
1 0.0859375 0.49453125 0.0328125 0.028125
1 0.110546875 0.512890625 0.02890625 0.02734375
1 0.126171875 0.53359375 0.03203125 0.0296875
0 0.135546875 0.562890625 0.04140625 0.03359375
2 0.521484375 0.396484375 0.04296875 0.04140625
1 0.5171875 0.45234375 0.0375 0.034375
1 0.563671875 0.477734375 0.03984375 0.04140625
1 0.516796875 0.4921875 0.03359375 0.0328125
0 0.517578125 0.52578125 0.02578125 0.0234375
0 0.559375 0.51953125 0.0359375 0.0296875
0 0.550390625 0.550390625 0.02265625 0.022656250000000003
2 0.41171875 0.5671875 0.034375 0.0328125
2 0.4234375 0.6125 0.034375 0.034375
2 0.432421875 0.657421875 0.03359375 0.038281249999999996
2 0.425 0.701953125 0.0375 0.03984375
2 0.415234375 0.74140625 0.04140625 0.040624999999999994
2 0.42265625 0.766796875 0.0359375 0.02421875
2 0.790625 0.354296875 0.0390625 0.02578125
2 0.800390625 0.315625 0.04765625 0.040624999999999994
2 0.837890625 0.281640625 0.03515625 0.038281249999999996
2 0.80859375 0.28046875 0.0359375 0.0328125
2 0.8359375 0.2328125 0.0375 0.0265625
2 0.40546875 0.6703125 0.0265625 0.028125
2 0.384765625 0.74375 0.03359375 0.0359375
0 0.145703125 0.575 0.03046875 0.0296875
2 0.04453125 0.451953125 0.034375 0.02734375
1 0.544921875 0.43828125 0.03046875 0.0296875
0 0.462890625 0.28203125 0.02734375 0.025
0 0.52265625 0.318359375 0.025 0.02578125
