2 0.49140625 0.658984375 0.034375 0.03203125
2 0.525390625 0.6828125 0.04453125 0.046875
2 0.541796875 0.732421875 0.04296875 0.04296875000000001
2 0.547265625 0.768359375 0.04296875 0.02578125
2 0.509375 0.687109375 0.034375 0.038281249999999996
2 0.46171875 0.3265625 0.028125 0.0265625
2 0.51484375 0.380078125 0.0328125 0.03515625
2 0.47265625 0.409375 0.034375 0.034375
1 0.469921875 0.44375 0.03203125 0.0296875
0 0.4640625 0.46484375 0.03125 0.03125
0 0.509375 0.4921875 0.0328125 0.0328125
0 0.49765625 0.521484375 0.028125 0.03046875
0 0.47578125 0.525390625 0.0265625 0.022656250000000003
0 0.51640625 0.228515625 0.0359375 0.01796875
0 0.537109375 0.24921875 0.03046875 0.025
0 0.560546875 0.22890625 0.03671875 0.01875
2 0.525390625 0.74921875 0.03359375 0.0390625
2 0.52890625 0.708984375 0.028125 0.03046875
