2 0.5921875 0.518359375 0.0453125 0.04140625
2 0.523828125 0.5390625 0.04140625 0.0390625
2 0.546875 0.574609375 0.040625 0.04296875000000001
2 0.564453125 0.55703125 0.03984375 0.040624999999999994
2 0.5296875 0.6125 0.0390625 0.0359375
2 0.532421875 0.655078125 0.04140625 0.03984375
2 0.547265625 0.59375 0.03671875 0.0328125
1 0.624609375 0.25546875 0.04296875 0.0421875
1 0.58984375 0.2734375 0.040625 0.0390625
1 0.5609375 0.297265625 0.0359375 0.03515625
1 0.551953125 0.323828125 0.03515625 0.03359375
1 0.57421875 0.30234375 0.03125 0.0359375
1 0.599609375 0.28359375 0.03203125 0.0328125
0 0.137109375 0.24140625 0.04296875 0.0390625
0 0.162109375 0.25390625 0.03359375 0.028125
