0 0.641016 0.39531256249999996 0.038281 0.043750125
0 0.619922 0.43671875 0.036719 0.035937562500000006
1 0.628125 0.4742189375 0.042188 0.035937562500000006
1 0.611719 0.5082029375 0.0375 0.036718875
1 0.578906 0.5101565 0.029687 0.0328123125
1 0.646094 0.46328112499999996 0.025 0.029687625000000002
2 0.044922 0.3429685625 0.046094 0.035937562500000006
2 0.074609 0.3234374375 0.030469000000000003 0.029687625000000002
2 0.092578 0.35039075000000003 0.017969 0.02109375
1 0.148828 0.41523462499999997 0.032031 0.0273436875
1 0.12304699999999999 0.380859125 0.036719 0.032031
1 0.11210899999999999 0.3585936875 0.033594 0.0328123125
