0 0.069921875 0.25078125 0.06796875 0.0609375
0 0.1265625 0.31015625 0.0515625 0.0578125
0 0.087109375 0.31796875 0.06640625 0.05625
0 0.1109375 0.26484375 0.059375 0.053125
1 0.759375 0.23515625 0.059375 0.03125
0 0.821875 0.243359375 0.046875 0.04765625
0 0.775 0.2625 0.05625 0.053125
0 0.840234375 0.293359375 0.05390625 0.04921874999999999
0 0.780859375 0.315625 0.05390625 0.05
1 0.709375 0.473828125 0.059375 0.05078125
2 0.611328125 0.480078125 0.04921875 0.04921874999999999
1 0.694921875 0.558203125 0.05234375 0.05546875
1 0.7015625 0.614453125 0.053125 0.05546875
1 0.702734375 0.668359375 0.05234375 0.04921874999999999
0 0.72265625 0.718359375 0.05 0.04609375
0 0.75390625 0.723046875 0.04375 0.04453125
0 0.71640625 0.7515625 0.046875 0.040624999999999994
0 0.737109375 0.67109375 0.04296875 0.046875
