2 0.9734375 0.45078125 0.053125 0.05
2 0.948828125 0.49140625 0.04921875 0.05
2 0.98046875 0.49765625 0.0390625 0.045312500000000006
2 0.98203125 0.5375 0.0359375 0.040624999999999994
2 0.19765625 0.426953125 0.0625 0.05859375
2 0.169140625 0.483984375 0.06484375 0.05390625
2 0.252734375 0.45703125 0.05390625 0.0515625
2 0.255078125 0.5125 0.06171875 0.0578125
2 0.173046875 0.548828125 0.06640625 0.05390625
2 0.2015625 0.60234375 0.0578125 0.0484375
2 0.25390625 0.5984375 0.0515625 0.0484375
2 0.253515625 0.572265625 0.06015625 0.05234375
2 0.946484375 0.5578125 0.03984375 0.0390625
