1 0.58046875 0.228515625 0.0296875 0.01796875
0 0.5453125 0.2265625 0.03125 0.0140625
0 0.53828125 0.25 0.0328125 0.03125
0 0.566796875 0.247265625 0.03515625 0.03671875
2 0.398046875 0.3921875 0.03515625 0.0328125
2 0.407421875 0.40390625 0.03828125 0.040624999999999994
2 0.398828125 0.430859375 0.03203125 0.03359375
2 0.422265625 0.442578125 0.03828125 0.03671875
2 0.408203125 0.4671875 0.03203125 0.0359375
2 0.44609375 0.476171875 0.0359375 0.03671875
1 0.415234375 0.50234375 0.03515625 0.0328125
