2 0.61015625 0.625390625 0.040625 0.04140625
2 0.656640625 0.63515625 0.03828125 0.04375
2 0.6171875 0.66171875 0.0390625 0.040624999999999994
2 0.6546875 0.669921875 0.0359375 0.04140625
2 0.658984375 0.70859375 0.03359375 0.034375
1 0.640625 0.7375 0.03125 0.028125
2 0.630078125 0.60390625 0.02421875 0.025
2 0.869921875 0.331640625 0.03828125 0.03515625
2 0.86484375 0.37890625 0.0375 0.034375
2 0.903125 0.435546875 0.0328125 0.03671875
1 0.857421875 0.46171875 0.03515625 0.0328125
2 0.9203125 0.364453125 0.0484375 0.04453125
2 0.112890625 0.463671875 0.03515625 0.03359375
2 0.1484375 0.450390625 0.0328125 0.03671875
2 0.152734375 0.492578125 0.03203125 0.03203125
2 0.15703125 0.5265625 0.0390625 0.034375
2 0.159765625 0.4203125 0.03046875 0.0328125
