2 0.36640625 0.6296875 0.0328125 0.0296875
2 0.372265625 0.6375 0.03828125 0.0359375
2 0.376171875 0.67265625 0.04140625 0.034375
2 0.389453125 0.707421875 0.04140625 0.03671875
2 0.398828125 0.7453125 0.04453125 0.0390625
2 0.39921875 0.67421875 0.028125 0.0328125
2 0.94765625 0.621484375 0.0546875 0.04453125
2 0.989453125 0.6609375 0.02109375 0.0421875
2 0.956640625 0.66953125 0.04921875 0.046875
2 0.979296875 0.70703125 0.04140625 0.0484375
2 0.965625 0.748046875 0.053125 0.04140625
2 0.93203125 0.706640625 0.0484375 0.04296875000000001
2 0.553125 0.275 0.04375 0.046875
2 0.5859375 0.307421875 0.046875 0.05078125
2 0.609375 0.32421875 0.0453125 0.0484375
2 0.57421875 0.334375 0.0359375 0.034375
2 0.54140625 0.334765625 0.046875 0.04140625
2 0.553515625 0.305859375 0.03828125 0.03046875
2 0.537109375 0.375 0.03828125 0.0390625
1 0.568359375 0.37421875 0.03515625 0.0328125
1 0.575 0.4078125 0.0375 0.034375
1 0.580078125 0.432421875 0.03984375 0.038281249999999996
1 0.549609375 0.43359375 0.03671875 0.0359375
1 0.53125 0.4125 0.0328125 0.034375
1 0.54296875 0.44453125 0.0328125 0.025
