2 0.109765625 0.651171875 0.04453125 0.04296875000000001
2 0.1140625 0.6890625 0.0453125 0.0375
2 0.125390625 0.726953125 0.04609375 0.03671875
2 0.162890625 0.691015625 0.02578125 0.02578125
2 0.705078125 0.46328125 0.04921875 0.0421875
2 0.70859375 0.445703125 0.046875 0.03671875
1 0.67734375 0.48359375 0.04375 0.0328125
1 0.66015625 0.526171875 0.0453125 0.04140625
0 0.747265625 0.290234375 0.03046875 0.03046875
0 0.70859375 0.227734375 0.0234375 0.01640625
2 0.13828125 0.73046875 0.0390625 0.034375
0 0.715625 0.25859375 0.034375 0.0328125
2 0.010546875 0.2703125 0.01953125 0.0359375
0 0.777734375 0.226953125 0.03515625 0.01484375
0 0.759765625 0.250390625 0.03046875 0.03359375
