2 0.748828125 0.558984375 0.05859375 0.05078125
2 0.73046875 0.613671875 0.0546875 0.05390625
2 0.76015625 0.607421875 0.046875 0.04609375
2 0.768359375 0.65 0.05078125 0.0484375
2 0.78046875 0.692578125 0.0546875 0.04609375
1 0.794921875 0.720703125 0.04453125 0.04609375
0 0.75 0.737890625 0.046875 0.04921874999999999
0 0.7234375 0.73046875 0.0390625 0.040624999999999994
2 0.02421875 0.766015625 0.0421875 0.03046875
0 0.666796875 0.354296875 0.03671875 0.03359375
0 0.659765625 0.391015625 0.03203125 0.02734375
0 0.703125 0.381640625 0.03125 0.02890625
0 0.69140625 0.41015625 0.0328125 0.028125
