2 0.06328125 0.57265625 0.046875 0.0375
2 0.069921875 0.6 0.04609375 0.040624999999999994
2 0.09296875 0.63671875 0.04375 0.0390625
2 0.07578125 0.652734375 0.0375 0.03046875
2 0.09609375 0.67578125 0.0453125 0.0375
2 0.118359375 0.7 0.04140625 0.0359375
2 0.0796875 0.7140625 0.0375 0.03125
2 0.071875 0.615234375 0.040625 0.03203125
2 0.70390625 0.41640625 0.0484375 0.04375
2 0.649609375 0.41796875 0.03828125 0.0390625
2 0.620703125 0.43046875 0.04453125 0.045312500000000006
2 0.673046875 0.44375 0.04765625 0.046875
2 0.655859375 0.48671875 0.05078125 0.04375
2 0.648828125 0.529296875 0.04609375 0.04140625
2 0.633984375 0.566015625 0.04296875 0.038281249999999996
2 0.617578125 0.54453125 0.03671875 0.0328125
2 0.834375 0.238671875 0.0421875 0.038281249999999996
2 0.891015625 0.237109375 0.03515625 0.03515625
2 0.87734375 0.244921875 0.0421875 0.038281249999999996
1 0.832421875 0.259765625 0.03984375 0.038281249999999996
1 0.878515625 0.27890625 0.04453125 0.0390625
1 0.874609375 0.315234375 0.04140625 0.03515625
1 0.8359375 0.296484375 0.0375 0.03515625
