2 0.240625 0.6015625 0.0546875 0.0484375
2 0.303125 0.62421875 0.04375 0.0484375
2 0.26328125 0.651171875 0.053125 0.05078125
1 0.32421875 0.3875 0.0546875 0.05
1 0.395703125 0.393359375 0.05234375 0.04453125
1 0.34296875 0.427734375 0.0546875 0.04921874999999999
1 0.412890625 0.431640625 0.05234375 0.04609375
1 0.36171875 0.466796875 0.0546875 0.05078125
0 0.416015625 0.476953125 0.04921875 0.04921874999999999
0 0.37421875 0.519921875 0.0546875 0.05390625
0 0.418359375 0.533984375 0.05234375 0.05078125
