2 0.086328125 0.51640625 0.04609375 0.040624999999999994
2 0.0421875 0.556640625 0.046875 0.04140625
2 0.116796875 0.5609375 0.04609375 0.0375
2 0.06484375 0.578125 0.05 0.04375
2 0.104296875 0.60078125 0.03828125 0.034375
2 0.11328125 0.63671875 0.04375 0.0375
2 0.066015625 0.641796875 0.04609375 0.03515625
2 0.069140625 0.61640625 0.05078125 0.0421875
2 0.1546875 0.251953125 0.053125 0.05234375
2 0.136328125 0.292578125 0.05390625 0.04765625
2 0.21953125 0.295703125 0.04375 0.04453125
2 0.19453125 0.323046875 0.0484375 0.04140625
2 0.193359375 0.35078125 0.04140625 0.0421875
2 0.176171875 0.359375 0.04921875 0.04375
2 0.137890625 0.340625 0.05234375 0.0484375
2 0.95390625 0.4515625 0.053125 0.0421875
2 0.892578125 0.475390625 0.05390625 0.038281249999999996
2 0.964453125 0.49453125 0.05546875 0.046875
2 0.87890625 0.5109375 0.0484375 0.040624999999999994
2 0.949609375 0.534375 0.04921875 0.0359375
2 0.884375 0.556640625 0.046875 0.038281249999999996
1 0.965625 0.57421875 0.0484375 0.05
2 0.956640625 0.30390625 0.03828125 0.0421875
2 0.921875 0.340234375 0.0453125 0.04921874999999999
