1 0.14375 0.334375 0.0515625 0.0484375
1 0.1296875 0.3140625 0.04375 0.04375
1 0.181640625 0.30546875 0.05234375 0.05
1 0.224609375 0.297265625 0.04609375 0.04296875000000001
1 0.253125 0.32734375 0.05 0.0421875
2 0.17421875 0.569921875 0.053125 0.04609375
2 0.202734375 0.592578125 0.05234375 0.04765625
1 0.2234375 0.630078125 0.046875 0.04296875000000001
1 0.24765625 0.666796875 0.0453125 0.03984375
1 0.26015625 0.63984375 0.0375 0.0359375
2 0.728125 0.5984375 0.0453125 0.040624999999999994
2 0.72890625 0.639453125 0.0453125 0.03984375
2 0.734765625 0.6796875 0.04609375 0.04375
2 0.776953125 0.66875 0.04765625 0.04375
2 0.78046875 0.633203125 0.0484375 0.038281249999999996
2 0.779296875 0.60390625 0.04140625 0.0359375
2 0.833203125 0.373828125 0.03984375 0.03515625
2 0.794140625 0.36640625 0.03671875 0.0328125
2 0.781640625 0.38828125 0.04140625 0.0328125
2 0.81328125 0.401953125 0.0375 0.03515625
1 0.7703125 0.41953125 0.034375 0.03125
1 0.790625 0.4390625 0.034375 0.03125
