2 0.9453125 0.2421875 0.0421875 0.040624999999999994
2 0.915234375 0.269921875 0.04765625 0.04296875000000001
2 0.882421875 0.293359375 0.03984375 0.03515625
2 0.906640625 0.290625 0.03671875 0.0359375
1 0.879296875 0.3171875 0.03359375 0.03125
1 0.853515625 0.316015625 0.03671875 0.03515625
2 0.849609375 0.5125 0.03984375 0.0375
2 0.8515625 0.53125 0.046875 0.045312500000000006
2 0.835546875 0.5703125 0.04609375 0.0390625
2 0.808203125 0.598828125 0.04609375 0.03984375
1 0.824609375 0.6296875 0.03984375 0.0359375
2 0.804296875 0.61796875 0.03671875 0.0296875
2 0.17578125 0.37734375 0.0296875 0.0328125
2 0.20078125 0.379296875 0.0375 0.03515625
1 0.22890625 0.4 0.0484375 0.0421875
1 0.20390625 0.4203125 0.0390625 0.0359375
1 0.2203125 0.43984375 0.04375 0.0359375
0 0.2515625 0.4640625 0.04375 0.0375
0 0.25 0.48203125 0.0328125 0.0296875
1 0.2421875 0.43984375 0.0328125 0.025
2 0.037890625 0.58515625 0.04609375 0.040624999999999994
2 0.03046875 0.61796875 0.04375 0.040624999999999994
2 0.029296875 0.647265625 0.04296875 0.038281249999999996
2 0.066796875 0.673046875 0.03984375 0.038281249999999996
