2 0.369140625 0.286328125 0.03984375 0.04140625
2 0.34765625 0.3046875 0.0328125 0.0390625
2 0.37578125 0.33046875 0.0328125 0.0359375
1 0.394140625 0.3171875 0.03671875 0.0390625
1 0.420703125 0.340234375 0.03984375 0.03515625
1 0.42421875 0.36875 0.034375 0.03125
1 0.4 0.351171875 0.0328125 0.03203125
2 0.2703125 0.51484375 0.0484375 0.0421875
2 0.315625 0.529296875 0.0453125 0.04296875000000001
2 0.2828125 0.541796875 0.0390625 0.03671875
2 0.266015625 0.54609375 0.03203125 0.0296875
2 0.319921875 0.564453125 0.04453125 0.03984375
2 0.280078125 0.575 0.03359375 0.0296875
2 0.300390625 0.5984375 0.04453125 0.0390625
2 0.287890625 0.611328125 0.03203125 0.02734375
2 0.885546875 0.466015625 0.03359375 0.03046875
2 0.91015625 0.4796875 0.0328125 0.0328125
2 0.912109375 0.50859375 0.03046875 0.025
2 0.953125 0.458984375 0.0390625 0.03515625
1 0.9203125 0.53515625 0.0296875 0.028125
2 0.861328125 0.71484375 0.04609375 0.0421875
2 0.935546875 0.72734375 0.05390625 0.05
2 0.946484375 0.76484375 0.05234375 0.0328125
2 0.878125 0.755078125 0.05 0.03984375
2 0.890625 0.776171875 0.0421875 0.010156249999999999
