2 0.0875 0.6109375 0.059375 0.053125
2 0.1390625 0.649609375 0.05625 0.05234375
2 0.187890625 0.641796875 0.05078125 0.05234375
2 0.101953125 0.65625 0.05390625 0.053125
2 0.170703125 0.68671875 0.05078125 0.0421875
2 0.159765625 0.73359375 0.05390625 0.0484375
2 0.108203125 0.71484375 0.05703125 0.0515625
2 0.116796875 0.759765625 0.06171875 0.04296875000000001
2 0.25 0.284765625 0.059375 0.05546875
2 0.285546875 0.296875 0.04765625 0.0484375
1 0.2640625 0.334765625 0.053125 0.05078125
1 0.287890625 0.372265625 0.05234375 0.05078125
1 0.3140625 0.401171875 0.0484375 0.04453125
