2 0.655859375 0.63515625 0.04140625 0.040624999999999994
2 0.62578125 0.6109375 0.05 0.045312500000000006
2 0.642578125 0.578515625 0.03984375 0.04140625
2 0.65546875 0.565234375 0.0453125 0.05390625
2 0.615234375 0.534765625 0.03828125 0.03515625
2 0.588671875 0.55703125 0.03828125 0.0375
2 0.6046875 0.58359375 0.0390625 0.0390625
2 0.578125 0.60390625 0.0359375 0.0390625
1 0.545703125 0.610546875 0.03515625 0.03671875
2 0.63125 0.403125 0.0421875 0.0375
2 0.58203125 0.416796875 0.0421875 0.04296875000000001
2 0.621484375 0.44296875 0.03984375 0.0390625
2 0.59609375 0.4703125 0.0390625 0.034375
0 0.612890625 0.496484375 0.03515625 0.03203125
1 0.59140625 0.48828125 0.03125 0.0296875
1 0.696484375 0.226953125 0.03515625 0.01484375
1 0.69140625 0.24140625 0.0296875 0.028125
1 0.6921875 0.271484375 0.034375 0.03359375
0 0.71796875 0.3109375 0.0359375 0.0375
