2 0.63359375 0.72421875 0.05 0.05
2 0.605859375 0.683984375 0.04921875 0.04609375
2 0.66796875 0.69140625 0.0546875 0.05
2 0.707421875 0.65078125 0.05078125 0.045312500000000006
2 0.628515625 0.646484375 0.05078125 0.04765625
2 0.65390625 0.608984375 0.046875 0.04453125
2 0.715234375 0.623046875 0.04765625 0.03984375
2 0.67421875 0.65078125 0.0484375 0.0484375
1 0.080078125 0.301171875 0.04140625 0.038281249999999996
1 0.123828125 0.2953125 0.04453125 0.0390625
1 0.1 0.3359375 0.0359375 0.034375
0 0.1140625 0.37421875 0.040625 0.034375
0 0.149609375 0.35390625 0.03984375 0.0359375
2 0.785546875 0.415625 0.04296875 0.0390625
0 0.863671875 0.29609375 0.03515625 0.034375
0 0.862109375 0.25859375 0.03828125 0.034375
1 0.861328125 0.2296875 0.03984375 0.020312499999999997
0 0.906640625 0.23515625 0.03984375 0.0296875
