2 0.00703125 0.25546875 0.0125 0.0328125
2 0.03984375 0.233984375 0.046875 0.02890625
2 0.038671875 0.260546875 0.04921875 0.04140625
2 0.078515625 0.25546875 0.04453125 0.040624999999999994
1 0.0671875 0.29375 0.04375 0.0375
1 0.08046875 0.330078125 0.040625 0.03203125
1 0.08671875 0.343359375 0.034375 0.02421875
2 0.397265625 0.46796875 0.04140625 0.04375
2 0.441015625 0.4671875 0.04296875 0.040624999999999994
2 0.43984375 0.498046875 0.0390625 0.03359375
2 0.389453125 0.5015625 0.03828125 0.0359375
2 0.390234375 0.532421875 0.03671875 0.03046875
2 0.4265625 0.526171875 0.0375 0.03203125
2 0.420703125 0.555859375 0.03203125 0.02890625
2 0.86328125 0.716796875 0.040625 0.038281249999999996
2 0.908984375 0.735546875 0.04765625 0.03515625
2 0.875390625 0.766796875 0.03671875 0.02890625
2 0.963671875 0.290625 0.05390625 0.045312500000000006
1 0.98125 0.31796875 0.0375 0.0375
0 0.99375 0.351953125 0.0125 0.02734375
0 0.984375 0.376171875 0.03125 0.03203125
