2 0.169140625 0.580078125 0.06015625 0.05390625
2 0.2328125 0.64140625 0.0375 0.034375
2 0.155859375 0.667578125 0.04609375 0.04609375
2 0.248828125 0.713671875 0.05859375 0.06171875
2 0.1765625 0.741015625 0.0640625 0.06015625
2 0.250390625 0.758203125 0.05390625 0.04609375
2 0.175 0.7765625 0.053125 0.009375
2 0.40546875 0.275390625 0.040625 0.04296875000000001
2 0.420703125 0.2890625 0.04296875 0.0390625
2 0.432421875 0.313671875 0.04140625 0.03515625
1 0.44765625 0.33046875 0.0484375 0.045312500000000006
1 0.46484375 0.377734375 0.0453125 0.04140625
0 0.476171875 0.427734375 0.04609375 0.03984375
1 0.468359375 0.40078125 0.04140625 0.03125
2 0.9640625 0.4359375 0.0421875 0.034375
2 0.947265625 0.4734375 0.03671875 0.0328125
2 0.980078125 0.51171875 0.03828125 0.03125
