2 0.50390625 0.287890625 0.0375 0.03984375
2 0.5375 0.305078125 0.0390625 0.038281249999999996
2 0.521484375 0.3375 0.03515625 0.034375
2 0.486328125 0.31796875 0.03671875 0.034375
1 0.47578125 0.359375 0.034375 0.0359375
1 0.50625 0.366796875 0.0328125 0.03203125
2 0.427734375 0.591796875 0.04765625 0.04140625
2 0.42109375 0.6171875 0.046875 0.05
2 0.49140625 0.6109375 0.0453125 0.045312500000000006
2 0.465234375 0.646484375 0.05546875 0.04765625
2 0.412109375 0.6625 0.04609375 0.04375
2 0.450390625 0.6921875 0.04921875 0.046875
2 0.39921875 0.707421875 0.05 0.04921874999999999
2 0.4359375 0.7390625 0.046875 0.045312500000000006
