2 0.130859375 0.597265625 0.05390625 0.04765625
2 0.198046875 0.596484375 0.05078125 0.04609375
2 0.161328125 0.633984375 0.05390625 0.04921874999999999
2 0.205078125 0.64140625 0.04453125 0.040624999999999994
2 0.175 0.680859375 0.053125 0.04609375
2 0.2015625 0.707421875 0.05 0.04453125
2 0.2265625 0.67578125 0.05 0.04375
2 0.159375 0.29140625 0.05625 0.05
2 0.10234375 0.2984375 0.059375 0.0484375
2 0.09921875 0.3265625 0.0453125 0.0390625
1 0.07578125 0.3625 0.046875 0.04375
1 0.055078125 0.36875 0.05703125 0.05
1 0.03359375 0.415234375 0.0609375 0.04765625
2 0.87578125 0.766015625 0.053125 0.03046875
