2 0.448046875 0.280078125 0.03984375 0.03984375
2 0.47890625 0.298828125 0.0421875 0.04140625
2 0.50390625 0.26484375 0.0453125 0.045312500000000006
2 0.51171875 0.248828125 0.0421875 0.03515625
2 0.529296875 0.23515625 0.03671875 0.03125
2 0.465234375 0.24921875 0.03984375 0.0359375
2 0.907421875 0.48359375 0.04765625 0.040624999999999994
2 0.976171875 0.486328125 0.03984375 0.04296875000000001
2 0.906640625 0.51875 0.05078125 0.0421875
2 0.94921875 0.516015625 0.0390625 0.03671875
2 0.981640625 0.537109375 0.03671875 0.04609375
2 0.972265625 0.570703125 0.05234375 0.04765625
2 0.92890625 0.55390625 0.046875 0.045312500000000006
2 0.971484375 0.628515625 0.05390625 0.04921874999999999
2 0.909375 0.559375 0.0390625 0.0375
2 0.814453125 0.680859375 0.04296875 0.04296875000000001
2 0.858203125 0.67890625 0.04296875 0.0421875
2 0.862890625 0.719140625 0.04609375 0.04140625
2 0.857421875 0.754296875 0.04609375 0.04140625
2 0.81484375 0.759765625 0.0421875 0.04296875000000001
2 0.81796875 0.72265625 0.0421875 0.0375
