1 0.3734375 0.27265625 0.0421875 0.0375
1 0.38046875 0.304296875 0.0390625 0.038281249999999996
0 0.40625 0.355859375 0.0359375 0.03203125
0 0.422265625 0.331640625 0.03203125 0.03203125
1 0.3984375 0.334375 0.0375 0.0359375
2 0.369140625 0.702734375 0.03828125 0.03984375
2 0.36953125 0.681640625 0.0375 0.03515625
2 0.39453125 0.705859375 0.0328125 0.03515625
2 0.382421875 0.73203125 0.03984375 0.0375
2 0.37421875 0.739453125 0.0359375 0.03515625
2 0.4046875 0.755859375 0.0359375 0.03515625
2 0.39140625 0.76875 0.0328125 0.025
2 0.99140625 0.4 0.0171875 0.053125
2 0.970703125 0.451953125 0.05859375 0.06484375
2 0.9171875 0.66484375 0.065625 0.065625
