2 0.420703125 0.287890625 0.04296875 0.04453125
2 0.3890625 0.269921875 0.04375 0.04296875000000001
2 0.359375 0.24609375 0.040625 0.034375
2 0.335546875 0.27421875 0.04453125 0.04375
2 0.36640625 0.29140625 0.046875 0.05
2 0.337109375 0.322265625 0.04609375 0.04609375
2 0.312109375 0.305859375 0.03671875 0.03046875
2 0.30546875 0.3390625 0.04375 0.040624999999999994
2 0.376953125 0.65703125 0.04609375 0.0484375
2 0.366796875 0.694140625 0.03515625 0.03671875
2 0.39609375 0.7203125 0.04375 0.0421875
2 0.408984375 0.755859375 0.04140625 0.03671875
2 0.369921875 0.732421875 0.03984375 0.04296875000000001
2 0.3828125 0.767578125 0.0359375 0.02734375
2 0.7015625 0.628515625 0.0453125 0.04296875000000001
2 0.705078125 0.671484375 0.04296875 0.04296875000000001
2 0.712890625 0.715625 0.04453125 0.04375
2 0.75 0.72578125 0.0328125 0.0375
2 0.869921875 0.409375 0.03046875 0.03125
2 0.90859375 0.409765625 0.0421875 0.03359375
2 0.941015625 0.424609375 0.03671875 0.03515625
2 0.930859375 0.46171875 0.03203125 0.0296875
2 0.903515625 0.443359375 0.03046875 0.02578125
2 0.869921875 0.44140625 0.03359375 0.0328125
2 0.87265625 0.475390625 0.034375 0.03203125
2 0.88671875 0.503515625 0.0296875 0.03203125
2 0.91328125 0.489453125 0.0390625 0.03515625
2 0.963671875 0.22734375 0.03203125 0.015625
2 0.91640625 0.23828125 0.034375 0.034375
2 0.94375 0.255078125 0.034375 0.03515625
2 0.98203125 0.243359375 0.0359375 0.03515625
1 0.969921875 0.27265625 0.02890625 0.028125
1 0.99140625 0.2875 0.0171875 0.025
1 0.99609375 0.259375 0.0078125 0.021875
