2 0.0203125 0.593359375 0.0390625 0.03515625
2 0.018359375 0.63203125 0.03515625 0.0328125
2 0.022265625 0.66484375 0.03828125 0.0328125
2 0.0140625 0.699609375 0.0265625 0.03046875
2 0.0375 0.284765625 0.046875 0.03984375
1 0.010546875 0.29609375 0.01953125 0.034375
1 0.02109375 0.33203125 0.040625 0.0359375
1 0.059375 0.312109375 0.0359375 0.03203125
0 0.0640625 0.34765625 0.028125 0.0296875
0 0.044921875 0.358984375 0.03984375 0.03046875
0 0.05 0.373828125 0.0359375 0.02578125
0 0.01796875 0.3640625 0.034375 0.0296875
2 0.651171875 0.38125 0.04453125 0.04375
2 0.615234375 0.401171875 0.03515625 0.03359375
2 0.620703125 0.41484375 0.04609375 0.040624999999999994
2 0.6421875 0.45546875 0.0421875 0.0421875
2 0.372265625 0.692578125 0.03515625 0.02890625
2 0.401953125 0.70390625 0.03203125 0.0265625
2 0.414453125 0.678125 0.03671875 0.0328125
2 0.427734375 0.646875 0.03671875 0.034375
2 0.437890625 0.59765625 0.02578125 0.028125
2 0.424609375 0.621875 0.01953125 0.01875
2 0.392578125 0.5859375 0.02109375 0.01875
2 0.38828125 0.6046875 0.0234375 0.020312499999999997
2 0.386328125 0.63046875 0.03359375 0.0328125
