0 0.564453125 0.258203125 0.03671875 0.03515625
0 0.59453125 0.241015625 0.03125 0.03515625
1 0.54765625 0.228125 0.034375 0.0171875
2 0.492578125 0.345703125 0.03828125 0.03671875
2 0.491796875 0.3734375 0.04765625 0.045312500000000006
2 0.474609375 0.4078125 0.04453125 0.040624999999999994
2 0.460546875 0.43125 0.04609375 0.046875
2 0.42890625 0.408984375 0.0484375 0.04140625
2 0.435546875 0.3703125 0.04296875 0.0390625
2 0.298828125 0.55703125 0.04765625 0.034375
2 0.35234375 0.577734375 0.0453125 0.04296875000000001
2 0.29609375 0.588671875 0.05 0.04140625
2 0.305078125 0.63046875 0.04921875 0.045312500000000006
2 0.351953125 0.61953125 0.04609375 0.040624999999999994
2 0.33984375 0.653515625 0.05 0.04609375
2 0.293359375 0.675390625 0.05078125 0.04765625
