2 0.579296875 0.304296875 0.04453125 0.04609375
1 0.563671875 0.340234375 0.03828125 0.03984375
1 0.55078125 0.371484375 0.0390625 0.04140625
1 0.53515625 0.338671875 0.034375 0.03359375
1 0.502734375 0.389453125 0.02578125 0.03671875
1 0.14453125 0.254296875 0.040625 0.03515625
1 0.134375 0.229296875 0.0375 0.01953125
1 0.1140625 0.2703125 0.0328125 0.034375
1 0.12578125 0.301171875 0.0375 0.03203125
1 0.04375 0.534375 0.040625 0.034375
1 0.013671875 0.544921875 0.02578125 0.03515625
2 0.031640625 0.50625 0.04609375 0.034375
2 0.015234375 0.433203125 0.02890625 0.03203125
2 0.538671875 0.5796875 0.03984375 0.0375
2 0.575390625 0.603515625 0.03984375 0.03984375
2 0.544140625 0.616796875 0.04140625 0.03671875
2 0.584375 0.63828125 0.0390625 0.0390625
2 0.585546875 0.67578125 0.03828125 0.0359375
2 0.58984375 0.699609375 0.034375 0.03359375
2 0.5390625 0.683984375 0.034375 0.03515625
2 0.5453125 0.65234375 0.0359375 0.034375
1 0.520703125 0.387109375 0.03984375 0.04609375
