2 0.1 0.72109375 0.0390625 0.0390625
2 0.090625 0.74765625 0.046875 0.04375
2 0.152734375 0.762109375 0.03828125 0.038281249999999996
2 0.110546875 0.7703125 0.04296875 0.021875
2 0.11953125 0.74765625 0.0375 0.0375
2 0.252734375 0.440234375 0.03515625 0.03359375
2 0.2859375 0.43515625 0.0359375 0.0375
2 0.306640625 0.46484375 0.03984375 0.0375
2 0.2625 0.473046875 0.0359375 0.03515625
1 0.280859375 0.488671875 0.03984375 0.03671875
1 0.285546875 0.5234375 0.04296875 0.034375
1 0.2578125 0.549609375 0.0375 0.03359375
2 0.872265625 0.698828125 0.05234375 0.04921874999999999
2 0.909765625 0.72734375 0.03828125 0.040624999999999994
2 0.86953125 0.74453125 0.0484375 0.0421875
2 0.911328125 0.763671875 0.03984375 0.03515625
1 0.98203125 0.2640625 0.0359375 0.034375
1 0.983984375 0.298046875 0.03203125 0.03515625
