1 0.61640625 0.278515625 0.0484375 0.04140625
2 0.403515625 0.558984375 0.03671875 0.03984375
2 0.448046875 0.57421875 0.03984375 0.0390625
2 0.415234375 0.597265625 0.04453125 0.04453125
2 0.451171875 0.6171875 0.04296875 0.045312500000000006
2 0.4421875 0.657421875 0.0421875 0.04296875000000001
2 0.447265625 0.69375 0.04140625 0.0359375
2 0.4609375 0.691015625 0.03125 0.03046875
2 0.9921875 0.24921875 0.015625 0.0359375
2 0.987109375 0.32109375 0.02578125 0.0359375
2 0.9859375 0.351953125 0.028125 0.038281249999999996
