2 0.2359375 0.7109375 0.0328125 0.03125
2 0.2140625 0.7109375 0.03125 0.03125
2 0.22265625 0.681640625 0.0359375 0.03671875
2 0.2421875 0.675 0.028125 0.0296875
2 0.216796875 0.6453125 0.04140625 0.0421875
2 0.202734375 0.61171875 0.03984375 0.0375
2 0.335546875 0.349609375 0.03984375 0.03984375
2 0.36328125 0.372265625 0.034375 0.03046875
2 0.348828125 0.388671875 0.04296875 0.038281249999999996
1 0.36484375 0.4265625 0.0421875 0.0375
1 0.386328125 0.4578125 0.03984375 0.0375
1 0.384375 0.440625 0.034375 0.0328125
2 0.693359375 0.276171875 0.03359375 0.03203125
1 0.736328125 0.295703125 0.03359375 0.03359375
1 0.698828125 0.310546875 0.03515625 0.03046875
1 0.73671875 0.331640625 0.0328125 0.03515625
1 0.69765625 0.341796875 0.0359375 0.03359375
2 0.601171875 0.4703125 0.03984375 0.045312500000000006
2 0.631640625 0.498828125 0.03828125 0.03984375
