0 0.58125 0.21718774999999998 0.059375 0.05312475
0 0.596875 0.14453149999999998 0.0375 0.035937750000000004
0 0.521094 0.1484375 0.039062 0.0375
2 0.466406 0.32343725 0.048438 0.04062525
2 0.41718700000000003 0.35234375 0.04375 0.03906225
2 0.46875 0.37421899999999997 0.040625 0.04531275
2 0.423438 0.396875 0.040625 0.043749750000000004
2 0.47343799999999997 0.41796875 0.040625 0.0421875
2 0.430469 0.43750025 0.042188 0.0375
1 0.475 0.46093775 0.04375 0.04062525
1 0.432031 0.4804685 0.042188 0.0421875
1 0.657031 0.52578125 0.032813 0.0328125
1 0.639844 0.57265625 0.042188 0.03906225
1 0.641406 0.616406 0.039062 0.03906225
1 0.640625 0.7484375 0.05 0.046875
1 0.677344 0.74140625 0.054688 0.04843725
2 0.696875 0.68437475 0.05 0.05000025
2 0.683594 0.6359375 0.051562 0.05312475
2 0.705469 0.4257815 0.039062 0.035937750000000004
0 0.66875 0.47109349999999994 0.028125 0.0328125
