2 0.560937 0.42109399999999997 0.053125 0.057812249999999996
2 0.658594 0.43515650000000006 0.054688 0.05468775
1 0.588281 0.49140649999999997 0.054688 0.0515625
2 0.658594 0.5101565000000001 0.054688 0.0515625
2 0.592187 0.5570315000000001 0.059375 0.057812249999999996
2 0.650781 0.58281275 0.057813 0.059375250000000004
2 0.592969 0.6210935 0.057813 0.0609375
2 0.5875 0.66875 0.053125 0.059375250000000004
1 0.600781 0.7148435 0.054688 0.0609375
2 0.332031 0.775781 0.045312 0.0421875
2 0.339062 0.8101565000000001 0.0375 0.035937750000000004
2 0.296094 0.76874975 0.032813 0.043749750000000004
2 0.297656 0.832031 0.039062 0.03906225
2 0.330469 0.8375 0.045312 0.043749750000000004
1 0.900781 0.809375 0.032813 0.034374749999999996
1 0.9085940000000001 0.8382815000000001 0.029687 0.0328125
1 0.885156 0.8546877500000001 0.032813 0.03125025
1 0.946875 0.77421875 0.028125 0.026562749999999996
1 0.939063 0.7945309999999999 0.034375 0.02968725
1 0.932031 0.8273434999999999 0.029687 0.0328125
1 0.335156 0.73203125 0.032813 0.02968725
