2 0.171875 0.19140649999999998 0.0625 0.05468775
2 0.291406 0.20234375 0.064062 0.057812249999999996
2 0.265625 0.25859375 0.06875 0.057812249999999996
2 0.149219 0.288281 0.085938 0.07656225
2 0.248438 0.3398435 0.084375 0.07343775
2 0.259375 0.4257815 0.09375 0.08281275
2 0.133594 0.3734375 0.079687 0.075
1 0.110156 0.4429685 0.073438 0.0609375
1 0.097656 0.584375 0.089063 0.07812525000000001
1 0.203125 0.63125 0.090625 0.07812525000000001
1 0.14375 0.6601565 0.0875 0.07343775
0 0.128906 0.7007809999999999 0.051562 0.05468775
2 0.210938 0.5554685 0.0875 0.0703125
2 0.24375 0.49453099999999994 0.0875 0.07343775
2 0.123438 0.51250025 0.090625 0.08124975
1 0.823438 0.2046875 0.075 0.075
1 0.8054690000000001 0.15468725 0.073438 0.05312475
1 0.822656 0.6601565 0.057813 0.0515625
1 0.8304690000000001 0.621875 0.035937 0.03125025
1 0.8835940000000001 0.60937475 0.042188 0.0375
2 0.8835940000000001 0.55937525 0.042188 0.0375
1 0.978906 0.64765625 0.042188 0.04843725
1 0.9757809999999999 0.7445315000000001 0.048438 0.04531275
1 0.980469 0.69843725 0.039062 0.05312475
1 0.947656 0.78437525 0.051562 0.05625
1 0.9664059999999999 0.83515625 0.067187 0.0515625
0 0.916406 0.8382815000000001 0.051562 0.0421875
2 0.9 0.46796899999999997 0.0625 0.05468775
1 0.840625 0.7093752500000001 0.0625 0.05312475
