2 0.076563 0.44062475 0.065625 0.05312475
2 0.144531 0.5 0.060937 0.05625
2 0.15 0.55390625 0.059375 0.04843725
2 0.077344 0.53046875 0.060937 0.057812249999999996
2 0.082031 0.588281 0.064062 0.0609375
2 0.084375 0.640625 0.05 0.04062525
1 0.152344 0.597656 0.032813 0.02968725
2 0.152344 0.65234375 0.054688 0.0421875
2 0.139063 0.7007809999999999 0.05625 0.04843725
2 0.082031 0.6867185 0.054688 0.0515625
1 0.508594 0.190625 0.042188 0.04062525
1 0.51875 0.24374975000000002 0.04375 0.043749750000000004
1 0.511719 0.288281 0.045312 0.0421875
1 0.47656200000000004 0.23203100000000002 0.040625 0.0421875
1 0.47656200000000004 0.2796875 0.040625 0.04062525
0 0.49375 0.30937475000000003 0.025 0.028125
0 0.529687 0.32109350000000003 0.028125 0.026562749999999996
0 0.511719 0.35156225 0.029687 0.028125
0 0.541406 0.3585935 0.029687 0.0328125
0 0.546094 0.38437475 0.032813 0.034374749999999996
0 0.517188 0.3921875 0.03125 0.034374749999999996
0 0.557813 0.4203125 0.034375 0.0375
0 0.534375 0.44531225 0.04375 0.043749750000000004
2 0.747656 0.5953122499999999 0.045312 0.043749750000000004
2 0.75625 0.6421872499999999 0.040625 0.0375
2 0.75 0.678125 0.04375 0.0375
2 0.764844 0.715625 0.042188 0.0375
2 0.739844 0.74687525 0.039062 0.043749750000000004
2 0.708594 0.7164065 0.039062 0.035937750000000004
2 0.717969 0.682031 0.042188 0.0421875
2 0.723437 0.64765625 0.040625 0.035937750000000004
2 0.657031 0.439844 0.032813 0.0328125
2 0.685156 0.4523435 0.032813 0.035937750000000004
2 0.684375 0.415625 0.034375 0.0375
2 0.684375 0.37578125 0.03125 0.0328125
2 0.653906 0.34843775 0.029687 0.034374749999999996
2 0.960938 0.691406 0.040625 0.03906225
2 0.965625 0.7445315000000001 0.04375 0.035937750000000004
2 0.96875 0.785156 0.0375 0.02968725
2 0.9695310000000001 0.8140625 0.039062 0.0375
