0 0.179688 0.3125 0.046875 0.04062525
0 0.183594 0.37421899999999997 0.054688 0.04843725
0 0.183594 0.453125 0.057813 0.05000025
0 0.260156 0.415625 0.054688 0.05000025
0 0.25625 0.48125 0.059375 0.05000025
0 0.173437 0.51640625 0.065625 0.0515625
0 0.179688 0.57656225 0.0625 0.05625
0 0.250781 0.5367184999999999 0.060937 0.05468775
0 0.246875 0.5890625 0.059375 0.05000025
0 0.257031 0.635156 0.057813 0.0515625
0 0.203125 0.68437475 0.05625 0.05000025
0 0.242969 0.74609375 0.042188 0.0421875
0 0.272656 0.730469 0.048438 0.0421875
0 0.396094 0.325781 0.029687 0.0328125
0 0.36875 0.33749975 0.040625 0.043749750000000004
