2 0.583594 0.4523435 0.060937 0.057812249999999996
2 0.66875 0.434375 0.05625 0.05312475
2 0.573438 0.509375 0.053125 0.05312475
1 0.648438 0.48906275 0.0375 0.03125025
1 0.628125 0.550781 0.0375 0.0328125
1 0.621875 0.59999975 0.0375 0.034374749999999996
1 0.617969 0.66093725 0.051562 0.05312475
1 0.609375 0.69921875 0.053125 0.0515625
1 0.595313 0.7359372499999999 0.05 0.05312475
1 0.548438 0.74609375 0.053125 0.0515625
1 0.54375 0.696875 0.053125 0.05000025
1 0.550781 0.6656247499999999 0.054688 0.043749750000000004
1 0.192188 0.15078125 0.025 0.026562749999999996
1 0.225781 0.14218775 0.032813 0.028125
1 0.211719 0.17890625 0.032813 0.026562749999999996
1 0.1875 0.2 0.025 0.02499975
1 0.21640600000000002 0.2179685 0.035937 0.035937750000000004
1 0.21640600000000002 0.2515625 0.032813 0.03125025
1 0.23046899999999998 0.28281275 0.039062 0.04062525
1 0.21875 0.31562524999999997 0.0375 0.034374749999999996
0 0.210938 0.34140650000000006 0.04375 0.0328125
0 0.186719 0.36250024999999997 0.045312 0.0375
