1 0.340625 0.31953125 0.065625 0.057812249999999996
1 0.249219 0.35234375 0.064062 0.057812249999999996
0 0.622656 0.16953125 0.060937 0.06406275
0 0.65625 0.28593725000000003 0.05625 0.059375250000000004
0 0.307812 0.36875 0.034375 0.034374749999999996
0 0.302344 0.43124975 0.051562 0.046875
0 0.234375 0.39765649999999997 0.040625 0.0328125
0 0.234375 0.45546875 0.046875 0.035937750000000004
0 0.309375 0.50234375 0.05625 0.04843725
0 0.232813 0.53437475 0.053125 0.043749750000000004
0 0.325 0.5648435 0.05625 0.0515625
0 0.240625 0.58593725 0.059375 0.05312475
0 0.254688 0.62343725 0.053125 0.05000025
0 0.326562 0.6070309999999999 0.059375 0.05468775
0 0.320312 0.65234375 0.05625 0.0515625
0 0.315625 0.702344 0.05625 0.0515625
0 0.292187 0.738281 0.046875 0.03906225
0 0.257031 0.730469 0.051562 0.05468775
0 0.260937 0.67578125 0.05625 0.057812249999999996
0 0.051562 0.24453125 0.04375 0.05468775
0 0.024219 0.2796875 0.045312 0.05000025
0 0.060937 0.30468725 0.053125 0.05312475
0 0.077344 0.34765625 0.029687 0.026562749999999996
0 0.091406 0.3960935 0.029687 0.0234375
0 0.10703100000000002 0.4335935 0.026561999999999995 0.02968725
0 0.107813 0.46953125 0.03125 0.026562749999999996
0 0.142969 0.52109375 0.035937 0.0328125
0 0.063281 0.42734375 0.042188 0.03906225
0 0.061719 0.4671875 0.045312 0.043749750000000004
0 0.071875 0.50624975 0.046875 0.046875
0 0.086719 0.5382815 0.029687 0.02968725
1 0.078125 0.81640625 0.05 0.0515625
