2 0.953125 0.2648435 0.084375 0.07656225
2 0.959375 0.34375025 0.08125 0.07187475
1 0.535156 0.18203149999999998 0.042188 0.0421875
1 0.539062 0.22109375 0.040625 0.03906225
1 0.582812 0.19843775 0.04375 0.04062525
2 0.539844 0.14218775 0.042188 0.03125025
1 0.967187 0.17343725000000002 0.0625 0.05000025
2 0.404687 0.33437525 0.03125 0.03125025
2 0.43125 0.32500025 0.028125 0.034374749999999996
2 0.413281 0.38515625 0.032813 0.02968725
2 0.43828100000000003 0.36796850000000003 0.029687 0.02968725
2 0.44218799999999997 0.41171900000000006 0.03125 0.02968725
2 0.40625 0.43281274999999997 0.03125 0.034374749999999996
1 0.408594 0.47890625 0.029687 0.02968725
1 0.446094 0.453125 0.029687 0.028125
2 0.390625 0.51640625 0.046875 0.0421875
2 0.4375 0.49687475000000003 0.04375 0.0375
2 0.4 0.55937525 0.04375 0.043749750000000004
2 0.425781 0.53593775 0.045312 0.05000025
2 0.953125 0.71718725 0.059375 0.05312475
2 0.975 0.75078125 0.04375 0.0421875
