0 0.313281 0.801562 0.051562 0.043750
0 0.295312 0.761719 0.037500 0.039062
1 0.329688 0.743750 0.053125 0.056250
1 0.281250 0.726562 0.053125 0.050000
1 0.278125 0.681250 0.050000 0.053125
1 0.335938 0.695312 0.037500 0.043750
1 0.335156 0.651563 0.042188 0.040625
2 0.242969 0.471875 0.064062 0.056250
2 0.301563 0.442188 0.065625 0.062500
2 0.308594 0.494531 0.064062 0.060937
2 0.259375 0.533594 0.062500 0.057813
2 0.275000 0.575781 0.040625 0.042188
2 0.329688 0.557031 0.053125 0.054688
2 0.332031 0.597656 0.042188 0.035937
1 0.280469 0.619531 0.035937 0.035937
2 0.107031 0.815625 0.054688 0.062500
2 0.076563 0.825781 0.053125 0.060937
2 0.142187 0.853906 0.056250 0.042188
2 0.078906 0.753906 0.048438 0.048438
2 0.211719 0.394531 0.048438 0.054688
0 0.363281 0.142187 0.070312 0.037500
0 0.341406 0.771094 0.032813 0.026562
2 0.095312 0.863281 0.046875 0.023438
