1 0.130469 0.2195315 0.095312 0.08593724999999999
1 0.250781 0.19843775 0.079687 0.07812525000000001
1 0.235156 0.29531225 0.085938 0.084375
1 0.135937 0.3117185 0.096875 0.09218775
1 0.146875 0.39765649999999997 0.090625 0.07656225
1 0.145313 0.47500025 0.09375 0.09062475
1 0.213281 0.45859400000000006 0.092188 0.0796875
1 0.21875 0.37734349999999994 0.08125 0.07343775
0 0.221875 0.541406 0.059375 0.05468775
0 0.167187 0.57265625 0.065625 0.05468775
0 0.224219 0.62031275 0.051562 0.046875
0 0.139844 0.65 0.064062 0.05312475
0 0.20703100000000002 0.6890622499999999 0.054688 0.05312475
0 0.13125 0.71718725 0.0625 0.059375250000000004
0 0.174219 0.75468725 0.082812 0.075
2 0.498437 0.7390625 0.065625 0.06875025
2 0.44843700000000003 0.85390625 0.053125 0.0421875
1 0.9664059999999999 0.5835934999999999 0.054688 0.0515625
1 0.963281 0.63437525 0.060937 0.05625
1 0.9601559999999999 0.6828125 0.054688 0.05312475
1 0.9695310000000001 0.73203125 0.060937 0.057812249999999996
2 0.44375 0.809375 0.05625 0.043749750000000004
0 0.884375 0.16484375 0.05 0.0515625
