0 0.42109399999999997 0.20546899999999998 0.082812 0.07343775
0 0.539844 0.15234350000000002 0.067187 0.0515625
0 0.435156 0.2984375 0.070312 0.08124975
0 0.541406 0.25312475 0.085938 0.06875025
0 0.517188 0.33359375 0.084375 0.07656225
2 0.547656 0.45156275 0.076563 0.06875025
2 0.660937 0.522656 0.078125 0.0703125
2 0.553906 0.55468775 0.079687 0.075
1 0.55625 0.64296875 0.075 0.07343775
1 0.653125 0.59375 0.075 0.07187475
1 0.644531 0.67578125 0.079687 0.07343775
1 0.547656 0.7210940000000001 0.076563 0.07656225
