0 0.278125 0.27265625 0.05 0.0421875
0 0.279687 0.34375025 0.05625 0.043749750000000004
0 0.358594 0.30937475000000003 0.048438 0.04062525
0 0.355469 0.37968725000000003 0.051562 0.043749750000000004
0 0.285156 0.40859375 0.057813 0.04843725
0 0.29375 0.457031 0.053125 0.04843725
0 0.358594 0.43515650000000006 0.057813 0.04531275
0 0.355469 0.48281224999999994 0.051562 0.046875
0 0.357031 0.52968725 0.054688 0.046875
0 0.350781 0.575 0.048438 0.043749750000000004
0 0.308594 0.5921877500000001 0.045312 0.046875
0 0.299219 0.550781 0.054688 0.04843725
0 0.294531 0.50624975 0.051562 0.046875
