2 0.375781 0.439844 0.064062 0.06406275
2 0.311719 0.4726565 0.067187 0.0609375
2 0.350781 0.51250025 0.067187 0.06875025
1 0.346875 0.5601559999999999 0.04375 0.04843725
1 0.373437 0.608594 0.0625 0.05468775
1 0.315625 0.62421875 0.059375 0.057812249999999996
0 0.9125 0.14062475000000002 0.028125 0.028125
0 0.9554690000000001 0.166406 0.032813 0.035937750000000004
0 0.9445309999999999 0.1953125 0.035937 0.0375
0 0.916406 0.21562475 0.045312 0.0375
0 0.9039059999999999 0.18515600000000002 0.039062 0.03906225
0 0.915625 0.25390625 0.040625 0.035937750000000004
0 0.923438 0.2890625 0.04375 0.043749750000000004
0 0.88125 0.23828149999999998 0.0375 0.03906225
1 0.632812 0.157031 0.046875 0.04843725
1 0.564063 0.21093725000000002 0.05 0.046875
0 0.610156 0.19296875 0.029687 0.0328125
