2 0.286719 0.36718775 0.054688 0.05000025
2 0.359375 0.3921875 0.034375 0.04062525
2 0.345313 0.44687525000000006 0.05625 0.05000025
2 0.266406 0.44999975000000003 0.060937 0.059375250000000004
2 0.23046899999999998 0.486719 0.064062 0.057812249999999996
2 0.220312 0.5382815 0.071875 0.05468775
2 0.209375 0.5929685 0.059375 0.0609375
2 0.329688 0.49218725 0.059375 0.05312475
2 0.302344 0.541406 0.064062 0.05468775
2 0.26875 0.589844 0.0625 0.0609375
0 0.81875 0.2757815 0.06875 0.06406275
0 0.8039059999999999 0.32812475 0.060937 0.05625
0 0.8585939999999999 0.34687475 0.039062 0.046875
0 0.829688 0.3601565 0.04375 0.03906225
