2 0.513281 0.31015625 0.042188 0.0421875
2 0.507031 0.36171875 0.042188 0.04531275
2 0.44843700000000003 0.37499975 0.046875 0.04062525
2 0.501563 0.40390625 0.04375 0.0421875
2 0.442969 0.41718725 0.045312 0.043749750000000004
1 0.432031 0.45468725 0.042188 0.04062525
1 0.484375 0.48749975 0.04375 0.04062525
1 0.428125 0.49765625 0.046875 0.0421875
0 0.49531200000000003 0.43750025 0.028125 0.03125025
2 0.264844 0.6070309999999999 0.042188 0.0421875
2 0.267969 0.702344 0.039062 0.035937750000000004
2 0.291406 0.728906 0.039062 0.03906225
1 0.24531200000000003 0.7625 0.040625 0.043749750000000004
2 0.270313 0.8382815000000001 0.05 0.0515625
1 0.2375 0.8226559999999999 0.0375 0.0421875
1 0.289844 0.7820315 0.039062 0.035937750000000004
