2 0.441406 0.4953125 0.067187 0.06249975
2 0.374219 0.5203122499999999 0.073438 0.07187475
2 0.354687 0.61953125 0.071875 0.0703125
2 0.338281 0.6890622499999999 0.076563 0.06875025
1 0.328906 0.78828125 0.064062 0.06406275
2 0.978125 0.36093725 0.04375 0.059375250000000004
2 0.935937 0.396875 0.059375 0.06249975
2 0.9554690000000001 0.439844 0.073438 0.06406275
1 0.9539060000000001 0.48437525 0.054688 0.046875
1 0.9695310000000001 0.532031 0.060937 0.0609375
1 0.9304690000000001 0.5460935 0.067187 0.05468775
