2 0.298438 0.34296875 0.040625 0.035937750000000004
2 0.347656 0.39921875 0.051562 0.05468775
2 0.347656 0.44531225 0.039062 0.043749750000000004
2 0.282031 0.41718725 0.054688 0.05312475
2 0.277344 0.4671875 0.051562 0.046875
0 0.28125 0.51171875 0.04375 0.03906225
2 0.342969 0.49765625 0.048438 0.04531275
2 0.335938 0.542969 0.053125 0.0515625
2 0.323437 0.60156275 0.059375 0.05312475
1 0.271875 0.5796875 0.05625 0.05312475
2 0.45781299999999997 0.5570315000000001 0.05 0.04843725
2 0.500781 0.60625025 0.051562 0.046875
2 0.44843700000000003 0.63125 0.053125 0.05312475
2 0.492969 0.65781275 0.051562 0.05000025
2 0.442969 0.68125025 0.054688 0.05000025
2 0.48906299999999997 0.7093752500000001 0.053125 0.05312475
2 0.441406 0.730469 0.045312 0.04843725
1 0.494531 0.7476559999999999 0.035937 0.0328125
1 0.439844 0.775781 0.032813 0.035937750000000004
0 0.485938 0.790625 0.03125 0.034374749999999996
2 0.427344 0.8007815 0.045312 0.04843725
2 0.44531200000000004 0.8328125 0.04375 0.043749750000000004
2 0.486719 0.82109375 0.048438 0.04843725
1 0.907813 0.4671875 0.040625 0.0375
0 0.941406 0.49843775 0.039062 0.034374749999999996
0 0.941406 0.5515625 0.035937 0.034374749999999996
2 0.904687 0.5234375 0.046875 0.04062525
2 0.8914060000000001 0.57343775 0.045312 0.04062525
2 0.871094 0.6171875 0.051562 0.043749750000000004
0 0.855469 0.644531 0.039062 0.035937750000000004
2 0.896875 0.67109375 0.05 0.0421875
2 0.9289059999999999 0.65624975 0.045312 0.043749750000000004
2 0.885938 0.72656225 0.05625 0.05000025
2 0.878906 0.777344 0.054688 0.04531275
2 0.879687 0.8265627500000001 0.04375 0.04062525
2 0.9242190000000001 0.8015622499999999 0.048438 0.043749750000000004
2 0.925781 0.71406275 0.048438 0.04062525
2 0.917969 0.757031 0.051562 0.0421875
