0 0.561719 0.203906 0.042188 0.04531275
0 0.642969 0.23984375 0.045312 0.0421875
1 0.638281 0.20859350000000002 0.057813 0.06406275
0 0.564063 0.2609375 0.046875 0.04062525
0 0.560937 0.321875 0.04375 0.043749750000000004
0 0.649219 0.29375 0.048438 0.043749750000000004
0 0.557813 0.41328125 0.0625 0.057812249999999996
0 0.653125 0.37499975 0.053125 0.046875
0 0.639844 0.4539065 0.060937 0.057812249999999996
0 0.613281 0.50624975 0.060937 0.06875025
0 0.553125 0.47890625 0.059375 0.06718725
1 0.608594 0.75546875 0.057813 0.057812249999999996
1 0.594531 0.8171877500000001 0.064062 0.06249975
1 0.675781 0.78828125 0.057813 0.06406275
1 0.689063 0.72734375 0.05625 0.057812249999999996
2 0.625 0.5945315 0.05625 0.057812249999999996
2 0.617969 0.682031 0.060937 0.06406275
2 0.702344 0.664844 0.060937 0.0609375
1 0.180469 0.59609375 0.051562 0.04531275
0 0.141406 0.6960935 0.042188 0.0421875
0 0.128906 0.644531 0.035937 0.0328125
