1 0.338281 0.392969 0.048438 0.04531275
1 0.413281 0.434375 0.048438 0.043749750000000004
1 0.340625 0.45625024999999997 0.053125 0.046875
0 0.41093799999999997 0.6039065000000001 0.040625 0.03906225
0 0.346875 0.61406225 0.04375 0.04062525
0 0.353125 0.6625002500000001 0.04375 0.0375
0 0.403906 0.6398435 0.039062 0.0328125
0 0.389062 0.672656 0.04375 0.035937750000000004
0 0.838281 0.149219 0.048438 0.04531275
0 0.8414059999999999 0.19843775 0.042188 0.043749750000000004
0 0.8304690000000001 0.242969 0.048438 0.04843725
0 0.8429689999999999 0.28671875 0.051562 0.04843725
0 0.867188 0.33749975 0.04375 0.043749750000000004
