0 0.371094 0.1671875 0.057813 0.06249975
1 0.085938 0.186719 0.05625 0.05468775
1 0.66875 0.42812525 0.046875 0.043749750000000004
1 0.58125 0.71406275 0.0625 0.06249975
1 0.645312 0.7070315 0.059375 0.06718725
0 0.635938 0.76562525 0.05625 0.05000025
0 0.569531 0.7820315 0.057813 0.06718725
0 0.6 0.60468725 0.05 0.046875
1 0.752344 0.42734375 0.048438 0.04531275
2 0.727344 0.49218725 0.054688 0.05000025
2 0.632812 0.5132809999999999 0.05625 0.0515625
2 0.707031 0.56249975 0.064062 0.059375250000000004
1 0.68125 0.608594 0.05625 0.0515625
2 0.671094 0.64765625 0.070312 0.0609375
2 0.594531 0.65624975 0.067187 0.06249975
