2 0.260937 0.430469 0.065625 0.057812249999999996
2 0.311719 0.477344 0.067187 0.06406275
1 0.255469 0.490625 0.060937 0.06249975
1 0.264062 0.53515625 0.053125 0.04843725
1 0.315625 0.53125025 0.0625 0.05625
0 0.33125 0.60078125 0.04375 0.0328125
1 0.271094 0.6226565 0.048438 0.04843725
1 0.330469 0.66171875 0.051562 0.0515625
1 0.275 0.67109375 0.046875 0.0421875
1 0.321094 0.71406275 0.051562 0.05312475
1 0.286719 0.74140625 0.054688 0.057812249999999996
1 0.963281 0.3171875 0.054688 0.043749750000000004
1 0.978906 0.23828149999999998 0.042188 0.04843725
0 0.935937 0.48203150000000006 0.040625 0.04531275
0 0.9835939999999999 0.47890625 0.032813 0.035937750000000004
0 0.96875 0.51562475 0.046875 0.043749750000000004
0 0.9351559999999999 0.532031 0.048438 0.04531275
0 0.895312 0.552344 0.053125 0.03906225
0 0.509375 0.78437525 0.03125 0.02499975
1 0.502344 0.84921875 0.042188 0.04531275
1 0.5375 0.85625 0.046875 0.0375
1 0.478906 0.8687502500000001 0.035937 0.012500250000000001
