1 0.597656 0.3601565 0.054688 0.05468775
1 0.550781 0.415625 0.051562 0.05000025
1 0.602344 0.45859400000000006 0.054688 0.04843725
1 0.542188 0.477344 0.059375 0.05468775
1 0.584375 0.52656275 0.0625 0.05312475
1 0.557813 0.55781225 0.059375 0.065625
1 0.514844 0.53046875 0.057813 0.057812249999999996
1 0.507031 0.58671875 0.054688 0.0609375
1 0.514844 0.63749975 0.060937 0.059375250000000004
1 0.55625 0.6187497499999999 0.0625 0.05625
0 0.575781 0.663281 0.039062 0.03906225
0 0.885938 0.4992185 0.078125 0.0703125
0 0.953125 0.45937474999999994 0.06875 0.059375250000000004
0 0.8679690000000001 0.30156275 0.057813 0.059375250000000004
2 0.896094 0.18359375 0.064062 0.057812249999999996
2 0.9773440000000001 0.1539065 0.045312 0.04843725
1 0.870313 0.43124975 0.078125 0.06875025
1 0.933594 0.40937524999999997 0.073438 0.06875025
1 0.9539060000000001 0.28750025 0.060937 0.06249975
2 0.945312 0.34687475 0.08125 0.06875025
2 0.863281 0.37187525 0.076563 0.07187475
2 0.964844 0.22968725 0.070312 0.075
1 0.023438 0.84374975 0.04375 0.05000025
1 0.017188 0.796094 0.03125 0.04843725
1 0.013280999999999998 0.74999975 0.023438 0.043749750000000004
