2 0.309375 0.356250 0.040625 0.037500
2 0.295312 0.436719 0.053125 0.048438
2 0.363281 0.418750 0.051562 0.050000
2 0.363281 0.460156 0.042188 0.039062
2 0.292187 0.490625 0.053125 0.050000
2 0.357812 0.514844 0.043750 0.042188
2 0.354687 0.561719 0.059375 0.048438
2 0.346094 0.624219 0.060937 0.051562
1 0.292187 0.604688 0.056250 0.059375
0 0.300000 0.534375 0.037500 0.037500
2 0.478125 0.580469 0.053125 0.051562
2 0.524219 0.627344 0.051562 0.051562
2 0.471875 0.654687 0.050000 0.046875
2 0.471094 0.707812 0.051562 0.050000
2 0.518750 0.678906 0.053125 0.051562
2 0.525000 0.739844 0.050000 0.045312
1 0.467969 0.807813 0.039062 0.037500
1 0.528906 0.778906 0.029687 0.032813
0 0.518750 0.821875 0.028125 0.034375
2 0.460938 0.833594 0.050000 0.054688
2 0.521875 0.850781 0.046875 0.045312
1 0.942187 0.460156 0.040625 0.039062
2 0.944531 0.521094 0.048438 0.042188
2 0.933594 0.574219 0.054688 0.042188
2 0.910937 0.617188 0.053125 0.043750
2 0.946875 0.676562 0.050000 0.043750
2 0.947656 0.732812 0.054688 0.046875
2 0.957031 0.780469 0.057813 0.051562
2 0.975000 0.825000 0.046875 0.040625
0 0.980469 0.549219 0.039062 0.035937
1 0.976562 0.492969 0.037500 0.032813
2 0.017188 0.623437 0.031250 0.043750
2 0.018750 0.656250 0.034375 0.040625
2 0.478125 0.863281 0.040625 0.023438
0 0.776563 0.388281 0.050000 0.026562
0 0.940625 0.634375 0.025000 0.028125
