1 0.715625 0.34375025 0.05625 0.05312475
1 0.669531 0.410156 0.054688 0.04843725
1 0.735938 0.449219 0.053125 0.0515625
1 0.669531 0.4726565 0.054688 0.05468775
1 0.653906 0.52578125 0.057813 0.05468775
1 0.720313 0.5140625 0.06875 0.05312475
1 0.702344 0.5515625 0.057813 0.059375250000000004
1 0.651563 0.58203125 0.059375 0.04843725
1 0.708594 0.61093775 0.060937 0.05625
1 0.664844 0.63437525 0.054688 0.05312475
0 0.73125 0.6539059999999999 0.04375 0.0421875
2 0.1375 0.63749975 0.0625 0.05625
1 0.185938 0.7828122499999999 0.040625 0.034374749999999996
1 0.194531 0.828125 0.048438 0.05000025
1 0.12265600000000002 0.8195315000000001 0.042188 0.03906225
2 0.146094 0.70859375 0.042188 0.0421875
2 0.21484399999999998 0.69921875 0.048438 0.0421875
1 0.1875 0.725 0.03125 0.028125
1 0.130469 0.85937525 0.060937 0.02499975
1 0.204687 0.86328125 0.05625 0.0234375
0 0.9875 0.260156 0.025 0.06406275
1 0.984375 0.32421875 0.03125 0.06718725
