1 0.15 0.336719 0.059375 0.04843725
1 0.153125 0.38125025 0.040625 0.04062525
1 0.220312 0.37968725000000003 0.06875 0.05625
1 0.228906 0.4484375 0.064062 0.059375250000000004
1 0.22109399999999998 0.52656275 0.067187 0.059375250000000004
1 0.153906 0.477344 0.060937 0.057812249999999996
1 0.154688 0.55000025 0.065625 0.059375250000000004
0 0.141406 0.5945315 0.035937 0.02968725
0 0.22343799999999997 0.6039065000000001 0.034375 0.02968725
0 0.178906 0.6421872499999999 0.032813 0.028125
0 0.252344 0.6742190000000001 0.048438 0.04843725
0 0.203906 0.7109375 0.042188 0.043749750000000004
0 0.26875 0.7351565 0.05625 0.0515625
0 0.257031 0.7898435 0.054688 0.0515625
0 0.220312 0.8046875 0.053125 0.05625
0 0.192188 0.7632815 0.059375 0.05468775
