1 0.4 0.2796875 0.0625 0.05625
1 0.403906 0.37187525 0.067187 0.059375250000000004
1 0.328125 0.31874975 0.065625 0.05625
1 0.319531 0.38984375 0.060937 0.0609375
1 0.396094 0.42812525 0.064062 0.06249975
1 0.385937 0.486719 0.059375 0.057812249999999996
1 0.314063 0.45546875 0.059375 0.05468775
0 0.310156 0.5031252500000001 0.042188 0.043749750000000004
0 0.365625 0.5234375 0.0375 0.0375
0 0.365625 0.59140625 0.0375 0.035937750000000004
0 0.297656 0.55937525 0.039062 0.034374749999999996
0 0.282813 0.62890625 0.040625 0.0421875
0 0.352344 0.664844 0.042188 0.03906225
0 0.335938 0.72265625 0.05625 0.0609375
0 0.271094 0.68437475 0.042188 0.0375
