2 0.596094 0.43124975 0.048438 0.046875
2 0.642188 0.46015625 0.053125 0.0515625
2 0.610156 0.5046875 0.054688 0.05312475
2 0.609375 0.561719 0.0625 0.057812249999999996
2 0.580469 0.47812475 0.051562 0.05000025
2 0.575781 0.52656275 0.057813 0.05000025
2 0.584375 0.58203125 0.053125 0.0515625
1 0.624219 0.60937475 0.060937 0.05000025
0 0.970313 0.34843775 0.05625 0.043749750000000004
0 0.93125 0.35156225 0.059375 0.05000025
2 0.974219 0.43828100000000003 0.051562 0.04843725
2 0.947656 0.5570315000000001 0.045312 0.0421875
