1 0.314063 0.453125 0.0625 0.05312475
1 0.282031 0.524219 0.054688 0.04531275
1 0.264844 0.5851565 0.064062 0.06406275
1 0.375781 0.5273435 0.054688 0.05468775
1 0.360938 0.57734375 0.053125 0.057812249999999996
1 0.330469 0.62968775 0.067187 0.065625
1 0.313281 0.68046875 0.057813 0.06718725
1 0.297656 0.73750025 0.064062 0.059375250000000004
1 0.253906 0.6398435 0.057813 0.06406275
1 0.246875 0.69062525 0.059375 0.05000025
0 0.233594 0.7335935 0.042188 0.04843725
0 0.228125 0.80234375 0.046875 0.04531275
0 0.286719 0.78437525 0.054688 0.05312475
1 0.860938 0.40468775 0.046875 0.0375
1 0.882812 0.3585935 0.0375 0.035937750000000004
1 0.846875 0.44140625 0.04375 0.035937750000000004
1 0.832031 0.47500025 0.032813 0.0375
1 0.792188 0.4523435 0.04375 0.03906225
1 0.778125 0.4859375 0.0375 0.04062525
1 0.815625 0.50703125 0.0375 0.03906225
1 0.875 0.51640625 0.05 0.04531275
1 0.764844 0.7765625 0.042188 0.0375
1 0.716406 0.7898435 0.051562 0.04531275
1 0.742969 0.8249997499999999 0.051562 0.046875
1 0.64375 0.73671875 0.05 0.0421875
1 0.650781 0.77500025 0.051562 0.046875
0 0.645312 0.846875 0.0375 0.0375
