2 0.271875 0.428906 0.059375 0.04843725
2 0.271094 0.50234375 0.054688 0.04843725
2 0.342187 0.4578125 0.059375 0.05000025
1 0.257031 0.6039065000000001 0.042188 0.04531275
1 0.271094 0.66640625 0.039062 0.0328125
1 0.33125 0.69062525 0.046875 0.046875
1 0.320312 0.728906 0.05 0.03906225
1 0.2625 0.710156 0.04375 0.035937750000000004
1 0.761719 0.6070309999999999 0.045312 0.0421875
1 0.763281 0.550781 0.048438 0.0421875
0 0.767969 0.70625 0.032813 0.02499975
0 0.765625 0.7476559999999999 0.03125 0.02968725
0 0.723437 0.7351565 0.03125 0.0328125
0 0.727344 0.77031275 0.035937 0.04062525
0 0.733594 0.80234375 0.032813 0.0421875
0 0.767188 0.7820315 0.04375 0.035937750000000004
1 0.725 0.2007815 0.040625 0.03906225
1 0.704688 0.18281225 0.0375 0.0375
1 0.732812 0.14218775 0.040625 0.03125025
0 0.967187 0.20312524999999998 0.053125 0.05312475
0 0.963281 0.25468775 0.048438 0.046875
0 0.967187 0.30937475000000003 0.0625 0.05625
0 0.945312 0.38593774999999997 0.03125 0.03125025
0 0.379688 0.14453149999999998 0.034375 0.035937750000000004
0 0.384375 0.203906 0.03125 0.026562749999999996
0 0.433594 0.16796899999999998 0.029687 0.026562749999999996
0 0.44218799999999997 0.21875 0.028125 0.028125
0 0.453125 0.27187475 0.040625 0.034374749999999996
0 0.453125 0.316406 0.040625 0.035937750000000004
0 0.40546899999999997 0.299219 0.045312 0.0421875
0 0.389062 0.25703149999999997 0.040625 0.0421875
