1 0.164844 0.35781275 0.070312 0.06875025
2 0.20781299999999997 0.44765599999999994 0.08125 0.08281275
1 0.172656 0.475781 0.079687 0.0703125
1 0.2 0.53593775 0.075 0.065625
1 0.183594 0.6156252500000001 0.082812 0.075
1 0.163281 0.678125 0.085938 0.075
1 0.094531 0.68437475 0.070312 0.06875025
1 0.09375 0.6125 0.071875 0.06875025
1 0.129688 0.5476565 0.075 0.0703125
2 0.3625 0.29609375 0.04375 0.04843725
2 0.316406 0.2851565 0.057813 0.0609375
1 0.392969 0.37421899999999997 0.035937 0.03906225
2 0.353906 0.3453125 0.042188 0.04062525
1 0.365625 0.40859375 0.0375 0.03906225
2 0.352344 0.50781275 0.054688 0.05625
2 0.321094 0.505469 0.051562 0.05468775
2 0.327344 0.54921875 0.054688 0.05468775
2 0.314844 0.6023435 0.067187 0.057812249999999996
1 0.361719 0.636719 0.057813 0.05468775
0 0.851562 0.149219 0.04375 0.04531275
0 0.8835940000000001 0.14062475000000002 0.042188 0.028125
