2 0.649219 0.31874975 0.051562 0.05312475
2 0.58125 0.3320315 0.034375 0.0328125
1 0.629687 0.35781275 0.03125 0.034374749999999996
1 0.573438 0.383594 0.034375 0.0328125
1 0.564063 0.43750025 0.0375 0.0375
1 0.621094 0.4164065 0.032813 0.0421875
1 0.573438 0.48203150000000006 0.05 0.04531275
1 0.620313 0.46171850000000003 0.053125 0.04531275
1 0.632812 0.503906 0.05 0.0515625
1 0.632031 0.5484372499999999 0.051562 0.05000025
1 0.605469 0.5742185 0.048438 0.05468775
1 0.565625 0.5554685 0.053125 0.057812249999999996
1 0.547656 0.51718775 0.054688 0.05000025
