1 0.619531 0.37031225 0.051562 0.05625
2 0.610938 0.42734375 0.059375 0.05468775
2 0.601562 0.48515600000000003 0.059375 0.0609375
2 0.611719 0.5335940000000001 0.054688 0.0609375
1 0.635938 0.58124975 0.05625 0.05000025
1 0.680469 0.5796875 0.051562 0.05000025
2 0.665625 0.5132809999999999 0.05625 0.057812249999999996
2 0.671875 0.45625024999999997 0.05 0.05625
2 0.672656 0.40078099999999994 0.057813 0.0515625
1 0.666406 0.35234375 0.057813 0.05468775
0 0.1125 0.2609375 0.046875 0.05000025
0 0.036719 0.233594 0.054688 0.04531275
0 0.033594 0.19140649999999998 0.032813 0.035937750000000004
0 0.028125 0.1632815 0.0375 0.035937750000000004
0 0.046875 0.14062475000000002 0.034375 0.028125
2 0.2 0.69921875 0.0375 0.0328125
2 0.178125 0.70859375 0.03125 0.035937750000000004
2 0.195312 0.644531 0.034375 0.02968725
2 0.196094 0.67499975 0.035937 0.034374749999999996
