0 0.353906 0.163281 0.048438 0.042188
2 0.471094 0.285156 0.039062 0.042188
2 0.446875 0.332031 0.040625 0.032813
2 0.492188 0.347656 0.040625 0.039062
2 0.449219 0.379688 0.042188 0.043750
1 0.503125 0.395313 0.031250 0.031250
1 0.488281 0.441406 0.039062 0.035937
2 0.477344 0.485156 0.048438 0.048438
2 0.451562 0.422656 0.037500 0.032813
2 0.446094 0.459375 0.048438 0.043750
2 0.447656 0.508594 0.045312 0.042188
2 0.726562 0.630469 0.040625 0.039062
2 0.714063 0.685156 0.040625 0.035937
2 0.699219 0.663281 0.039062 0.039062
2 0.732031 0.714844 0.026562 0.026562
0 0.732812 0.753125 0.025000 0.028125
1 0.706250 0.754687 0.031250 0.028125
1 0.717969 0.782031 0.035937 0.029687
1 0.710938 0.810156 0.031250 0.035937
1 0.808594 0.514844 0.032813 0.032813
1 0.851562 0.543750 0.034375 0.028125
1 0.813281 0.555469 0.035937 0.029687
1 0.807813 0.584375 0.028125 0.028125
1 0.812500 0.607812 0.025000 0.025000
1 0.844531 0.566406 0.026562 0.026562
1 0.839063 0.594531 0.034375 0.029687
0 0.811719 0.632031 0.020313 0.020313
0 0.807813 0.657031 0.018750 0.020313
0 0.842187 0.645312 0.021875 0.021875
0 0.835156 0.673438 0.023438 0.018750
0 0.827344 0.693750 0.023438 0.028125
0 0.806250 0.682031 0.028125 0.020313
