2 0.600000 0.389062 0.053125 0.046875
2 0.603125 0.443750 0.053125 0.053125
2 0.684375 0.428125 0.050000 0.046875
2 0.696094 0.477344 0.054688 0.054688
2 0.606250 0.494531 0.056250 0.054688
2 0.602344 0.555469 0.057813 0.054688
2 0.689844 0.527344 0.064062 0.048438
1 0.679688 0.602344 0.062500 0.048438
2 0.663281 0.564063 0.057813 0.056250
1 0.625000 0.632812 0.062500 0.056250
1 0.672656 0.653125 0.060937 0.059375
0 0.651563 0.681250 0.040625 0.040625
0 0.617188 0.661719 0.040625 0.039062
1 0.616406 0.589063 0.051562 0.031250
