1 0.283594 0.20546899999999998 0.029687 0.026562749999999996
1 0.305469 0.25312475 0.026561999999999995 0.034374749999999996
1 0.279687 0.23125025 0.025 0.03125025
1 0.286719 0.2796875 0.032813 0.028125
1 0.31875 0.29140625 0.03125 0.026562749999999996
1 0.282813 0.3125 0.0375 0.0375
1 0.317969 0.3453125 0.042188 0.0375
1 0.284375 0.36171875 0.0375 0.04531275
0 0.320312 0.37421899999999997 0.034375 0.035937750000000004
0 0.295312 0.3875 0.03125 0.028125
0 0.180469 0.14531225 0.039062 0.0375
0 0.129688 0.16796899999999998 0.034375 0.035937750000000004
0 0.185156 0.1953125 0.032813 0.034374749999999996
0 0.135937 0.2328125 0.03125 0.028125
0 0.175 0.24921875 0.034375 0.0234375
0 0.135937 0.289844 0.04375 0.035937750000000004
0 0.31875 0.40937524999999997 0.034375 0.028125
0 0.299219 0.4257815 0.032813 0.0234375
0 0.316406 0.4726565 0.039062 0.0328125
0 0.302344 0.4523435 0.026561999999999995 0.02968725
0 0.85625 0.4054685 0.04375 0.03906225
0 0.89375 0.45546875 0.040625 0.03906225
0 0.885156 0.50781275 0.048438 0.043749750000000004
0 0.884375 0.55390625 0.05 0.0421875
1 0.423438 0.589844 0.05625 0.0515625
1 0.366406 0.59375 0.051562 0.04062525
1 0.349219 0.62500025 0.039062 0.0375
1 0.397656 0.6226565 0.042188 0.035937750000000004
1 0.3875 0.691406 0.05 0.04531275
1 0.394531 0.73671875 0.054688 0.04843725
1 0.345313 0.702344 0.05 0.03906225
1 0.344531 0.74609375 0.054688 0.0515625
1 0.367969 0.7820315 0.054688 0.0515625
1 0.876563 0.2648435 0.059375 0.04843725
1 0.865625 0.31562524999999997 0.053125 0.05312475
1 0.84375 0.36484400000000006 0.053125 0.04531275
