2 0.304688 0.492969 0.062500 0.051562
2 0.291406 0.542969 0.057813 0.051562
2 0.367188 0.538281 0.062500 0.054688
2 0.364063 0.589844 0.056250 0.054688
2 0.294531 0.589063 0.054688 0.056250
2 0.353125 0.631250 0.053125 0.046875
1 0.296875 0.631250 0.034375 0.037500
2 0.284375 0.683594 0.046875 0.045312
0 0.314063 0.683594 0.034375 0.035937
1 0.331250 0.664062 0.031250 0.028125
1 0.967969 0.460938 0.064062 0.075000
2 0.021094 0.307031 0.039062 0.054688
0 0.048438 0.325000 0.034375 0.031250
0 0.056250 0.384375 0.031250 0.028125
0 0.092188 0.399219 0.031250 0.032813
0 0.064062 0.438281 0.040625 0.039062
0 0.060156 0.474219 0.042188 0.039062
2 0.946875 0.549219 0.053125 0.051562
2 0.936719 0.600000 0.054688 0.046875
2 0.903125 0.674219 0.050000 0.051562
2 0.914062 0.712500 0.050000 0.046875
2 0.964844 0.698438 0.054688 0.046875
1 0.936719 0.649219 0.035937 0.035937
2 0.969531 0.411719 0.060937 0.054688
0 0.989844 0.622656 0.020313 0.029687
1 0.990625 0.235937 0.018750 0.059375
1 0.986719 0.308594 0.026562 0.064062
0 0.992188 0.366406 0.015625 0.039062
