1 0.132812 0.33281225000000003 0.09375 0.08750025
1 0.259375 0.29531225 0.090625 0.084375
1 0.23906299999999997 0.39140600000000003 0.09375 0.08593724999999999
1 0.11875 0.43203125 0.096875 0.0796875
1 0.217188 0.486719 0.096875 0.0890625
1 0.2125 0.57656225 0.0875 0.08124975
1 0.084375 0.6132815 0.090625 0.07656225
0 0.128906 0.50703125 0.054688 0.04843725
0 0.092969 0.67656275 0.051562 0.05000025
1 0.675781 0.5484372499999999 0.035937 0.034374749999999996
1 0.674219 0.5835934999999999 0.035937 0.0328125
1 0.667188 0.617969 0.0375 0.035937750000000004
1 0.621094 0.59687525 0.039062 0.04062525
1 0.622656 0.63125 0.035937 0.0375
1 0.657813 0.64687475 0.0375 0.0375
1 0.652344 0.682031 0.035937 0.0328125
1 0.619531 0.659375 0.035937 0.028125
0 0.610938 0.68515625 0.03125 0.026562749999999996
0 0.616406 0.7242184999999999 0.026561999999999995 0.02968725
0 0.646094 0.70859375 0.035937 0.0328125
2 0.634375 0.786719 0.028125 0.035937750000000004
2 0.792969 0.7523435 0.042188 0.0421875
2 0.766406 0.7796877500000001 0.042188 0.0375
2 0.800781 0.8031252500000001 0.039062 0.04062525
1 0.8875 0.6421872499999999 0.025 0.02499975
1 0.8585939999999999 0.6539059999999999 0.029687 0.0328125
1 0.884375 0.67031225 0.028125 0.03125025
1 0.8757810000000001 0.69843725 0.032813 0.034374749999999996
1 0.85 0.67187525 0.028125 0.028125
1 0.845313 0.69843725 0.034375 0.03125025
1 0.859375 0.72343775 0.034375 0.03125025
1 0.848437 0.74062475 0.03125 0.034374749999999996
0 0.871094 0.76093775 0.029687 0.0375
