2 0.2125 0.38437475 0.05 0.046875
2 0.2875 0.355469 0.0625 0.04843725
2 0.202344 0.46093775 0.057813 0.05000025
2 0.278906 0.428906 0.048438 0.0421875
2 0.282031 0.48749975 0.054688 0.05000025
2 0.20781299999999997 0.524219 0.0625 0.057812249999999996
2 0.275 0.5515625 0.05625 0.046875
2 0.275 0.62421875 0.071875 0.0609375
2 0.203125 0.597656 0.06875 0.06406275
2 0.417969 0.621875 0.048438 0.043749750000000004
2 0.425 0.6742190000000001 0.05 0.04843725
2 0.446875 0.7054685 0.03125 0.026562749999999996
2 0.44531200000000004 0.74375 0.028125 0.0375
2 0.467187 0.7539065 0.034375 0.0328125
2 0.439063 0.79843775 0.04375 0.04062525
2 0.94375 0.61406225 0.053125 0.04062525
2 0.935937 0.6507815000000001 0.05 0.0328125
2 0.9289059999999999 0.734375 0.051562 0.046875
2 0.9242190000000001 0.78359375 0.054688 0.0515625
2 0.9710940000000001 0.8218752500000001 0.057813 0.05312475
0 0.63125 0.18125 0.028125 0.03125025
0 0.690625 0.149219 0.0375 0.03906225
0 0.69375 0.20703125 0.034375 0.0328125
0 0.635156 0.24843725 0.026561999999999995 0.028125
0 0.691406 0.26328125 0.029687 0.02968725
1 0.76875 0.2140625 0.034375 0.034374749999999996
1 0.747656 0.241406 0.029687 0.0328125
1 0.783594 0.25937525 0.029687 0.028125
1 0.746875 0.29140625 0.034375 0.035937750000000004
1 0.740625 0.33046849999999994 0.04375 0.03906225
1 0.790625 0.29999975 0.03125 0.03125025
1 0.789844 0.35703125 0.042188 0.04531275
1 0.738281 0.37578125 0.042188 0.04531275
0 0.788281 0.49453099999999994 0.032813 0.026562749999999996
0 0.760938 0.4953125 0.0375 0.02499975
0 0.785937 0.46406225 0.028125 0.028125
0 0.755469 0.47109349999999994 0.023438 0.02968725
