0 0.736719 0.26406275 0.039062 0.04062525
0 0.725781 0.22656274999999998 0.048438 0.046875
0 0.717969 0.186719 0.042188 0.0421875
0 0.71875 0.14999975000000002 0.040625 0.04062525
1 0.46406200000000003 0.30468725 0.034375 0.043749750000000004
1 0.490625 0.33046849999999994 0.034375 0.03906225
1 0.46953100000000003 0.6210935 0.032813 0.035937750000000004
1 0.511719 0.63281225 0.035937 0.034374749999999996
1 0.513281 0.67578125 0.032813 0.0328125
1 0.470313 0.655469 0.040625 0.0328125
1 0.471875 0.6890622499999999 0.034375 0.034374749999999996
1 0.47343799999999997 0.7257815 0.040625 0.03906225
1 0.508594 0.711719 0.032813 0.0328125
1 0.507812 0.74375 0.03125 0.028125
