2 0.299219 0.48125 0.060937 0.05312475
2 0.330469 0.5375 0.064062 0.059375250000000004
2 0.279687 0.550781 0.05625 0.05468775
2 0.325781 0.59609375 0.067187 0.05468775
2 0.285938 0.60625025 0.05625 0.05625
1 0.3375 0.636719 0.05 0.04843725
1 0.292187 0.65 0.04375 0.043749750000000004
1 0.279687 0.70625 0.053125 0.05312475
1 0.338281 0.69453125 0.054688 0.05468775
1 0.328125 0.7484375 0.059375 0.05625
1 0.276562 0.7679690000000001 0.05625 0.05468775
1 0.305469 0.7945309999999999 0.057813 0.05468775
1 0.675781 0.24374975000000002 0.048438 0.046875
2 0.948438 0.47109349999999994 0.04375 0.04843725
2 0.9398440000000001 0.5328125 0.042188 0.046875
2 0.951562 0.5742185 0.046875 0.0421875
1 0.942969 0.6390627500000001 0.035937 0.034374749999999996
