2 0.324219 0.43124975 0.064062 0.059375250000000004
2 0.2375 0.47968774999999997 0.05625 0.05625
2 0.250781 0.5335940000000001 0.060937 0.057812249999999996
2 0.314844 0.50234375 0.067187 0.0609375
1 0.320312 0.55937525 0.0625 0.05312475
1 0.332031 0.60468725 0.060937 0.05000025
1 0.267188 0.59062475 0.059375 0.05312475
1 0.282031 0.6414065 0.057813 0.04843725
1 0.342969 0.65624975 0.048438 0.043749750000000004
0 0.304688 0.67187525 0.0375 0.03125025
1 0.55 0.75078125 0.034375 0.035937750000000004
1 0.501563 0.78828125 0.03125 0.03906225
1 0.542969 0.8046875 0.035937 0.0375
1 0.544531 0.8484372499999999 0.032813 0.034374749999999996
1 0.673438 0.74999975 0.034375 0.0375
1 0.657813 0.71718725 0.040625 0.04062525
2 0.5625 0.35312525000000006 0.04375 0.04062525
2 0.55625 0.383594 0.0375 0.0328125
2 0.510938 0.37421899999999997 0.04375 0.035937750000000004
0 0.694531 0.78437525 0.045312 0.0375
