1 0.377344 0.3125 0.051562 0.05312475
1 0.317969 0.3398435 0.054688 0.057812249999999996
1 0.375781 0.3960935 0.064062 0.06406275
1 0.310937 0.430469 0.065625 0.0609375
1 0.357031 0.4859375 0.067187 0.06875025
1 0.275781 0.4992185 0.064062 0.06406275
1 0.25 0.56328125 0.06875 0.06406275
1 0.317969 0.55390625 0.073438 0.0703125
1 0.310937 0.6078125 0.059375 0.05312475
1 0.317188 0.67968725 0.06875 0.065625
1 0.253125 0.62421875 0.06875 0.0609375
1 0.408594 0.1484375 0.051562 0.043749750000000004
1 0.482031 0.14375 0.051562 0.034374749999999996
