2 0.400781 0.505469 0.067187 0.0609375
2 0.317188 0.53906225 0.0625 0.05312475
2 0.388281 0.56406275 0.067187 0.05625
1 0.388281 0.61953125 0.064062 0.0609375
2 0.316406 0.59062475 0.064062 0.05312475
1 0.313281 0.65703125 0.070312 0.0609375
0 0.3 0.7054685 0.05 0.03906225
0 0.38125 0.71796875 0.046875 0.04531275
0 0.403906 0.786719 0.045312 0.04843725
0 0.301563 0.7726565 0.046875 0.0515625
0 0.325781 0.8406252500000001 0.073438 0.06875025
0 0.035156 0.19218725 0.067187 0.06875025
0 0.079687 0.1578125 0.075 0.06249975
