0 0.7125 0.15625024999999998 0.059375 0.059375250000000004
0 0.719531 0.20859350000000002 0.057813 0.06406275
0 0.777344 0.2046875 0.064062 0.059375250000000004
1 0.582812 0.28593725000000003 0.075 0.07187475
1 0.642969 0.3398435 0.073438 0.08281275
1 0.583594 0.37656275000000006 0.073438 0.07187475
1 0.629687 0.4109375 0.0625 0.06249975
1 0.619531 0.486719 0.079687 0.0796875
1 0.573438 0.45468725 0.08125 0.07812525000000001
1 0.577344 0.5234375 0.057813 0.059375250000000004
0 0.638281 0.53515625 0.051562 0.04843725
0 0.589063 0.5742185 0.04375 0.05468775
0 0.635156 0.616406 0.051562 0.05468775
0 0.578125 0.63828125 0.04375 0.04843725
0 0.617969 0.68125025 0.048438 0.046875
0 0.560156 0.702344 0.048438 0.05468775
0 0.585156 0.7445315000000001 0.057813 0.057812249999999996
