2 0.517188 0.38125025 0.053125 0.05312475
2 0.574219 0.34843775 0.048438 0.0375
2 0.528125 0.434375 0.05625 0.05312475
2 0.571875 0.40937524999999997 0.05 0.05000025
2 0.553125 0.4632815 0.028125 0.02968725
2 0.55625 0.58124975 0.04375 0.04062525
2 0.554688 0.62890625 0.05625 0.0515625
2 0.597656 0.565625 0.042188 0.04062525
2 0.607812 0.60937475 0.05 0.046875
2 0.832031 0.15937475 0.051562 0.05312475
1 0.855469 0.20312524999999998 0.051562 0.043749750000000004
1 0.821875 0.2 0.046875 0.05625
1 0.048438 0.30390649999999997 0.04375 0.03906225
1 0.113281 0.32421875 0.039062 0.035937750000000004
1 0.054688 0.34843775 0.04375 0.034374749999999996
