1 0.377344 0.21640625 0.064062 0.057812249999999996
1 0.282031 0.25078100000000003 0.067187 0.06718725
1 0.360156 0.3125 0.067187 0.059375250000000004
1 0.278906 0.33828125 0.070312 0.06718725
1 0.246875 0.40390625 0.084375 0.07343775
1 0.358594 0.39140600000000003 0.082812 0.07343775
1 0.328125 0.44687525000000006 0.08125 0.08750025
1 0.23906299999999997 0.4726565 0.084375 0.0796875
1 0.311719 0.524219 0.079687 0.0796875
1 0.235937 0.5476565 0.078125 0.0703125
1 0.233594 0.62031275 0.073438 0.07187475
0 0.31875 0.58203125 0.053125 0.04843725
0 0.31875 0.64296875 0.046875 0.04843725
0 0.3 0.69921875 0.05 0.0515625
0 0.253906 0.730469 0.067187 0.06406275
0 0.249219 0.66093725 0.054688 0.043749750000000004
