2 0.367188 0.45156275 0.0625 0.065625
1 0.410156 0.47421875 0.042188 0.0515625
1 0.43828100000000003 0.51718775 0.045312 0.046875
1 0.44375 0.5648435 0.053125 0.0515625
1 0.45390600000000003 0.616406 0.054688 0.05468775
1 0.43281200000000003 0.663281 0.05625 0.05468775
1 0.392188 0.65 0.053125 0.06249975
1 0.360938 0.60468725 0.05625 0.059375250000000004
1 0.358594 0.55625 0.054688 0.05625
1 0.375 0.5203122499999999 0.053125 0.05312475
1 0.9664059999999999 0.335156 0.064062 0.06718725
1 0.926562 0.415625 0.06875 0.06249975
0 0.9398440000000001 0.477344 0.042188 0.0421875
0 0.928125 0.5367184999999999 0.034375 0.03906225
0 0.901563 0.5929685 0.04375 0.035937750000000004
1 0.964063 0.5195315 0.05 0.05468775
