1 0.659375 0.48203150000000006 0.046875 0.0515625
1 0.724219 0.48281224999999994 0.054688 0.05312475
1 0.715625 0.52968725 0.053125 0.046875
1 0.671875 0.5601559999999999 0.05 0.04843725
1 0.709375 0.5742185 0.046875 0.0421875
2 0.20546899999999998 0.7054685 0.064062 0.057812249999999996
2 0.271094 0.72343775 0.060937 0.05000025
2 0.21484399999999998 0.77031275 0.064062 0.05625
1 0.228906 0.8226559999999999 0.054688 0.05468775
1 0.282031 0.7710934999999999 0.032813 0.0328125
1 0.277344 0.8085935 0.039062 0.03906225
