1 0.109375 0.19140649999999998 0.04375 0.0421875
1 0.084375 0.26718725 0.053125 0.043749750000000004
2 0.073438 0.33749975 0.059375 0.05312475
1 0.14375 0.31953125 0.059375 0.05468775
2 0.147656 0.37734349999999994 0.060937 0.057812249999999996
1 0.146875 0.434375 0.06875 0.05312475
2 0.148438 0.4898435 0.06875 0.0609375
1 0.063281 0.40312475000000003 0.070312 0.06249975
1 0.079687 0.51171875 0.0625 0.057812249999999996
1 0.666406 0.15156275 0.057813 0.05000025
1 0.667188 0.19765625 0.059375 0.05468775
0 0.163281 0.242969 0.042188 0.03906225
0 0.060156 0.44609375 0.035937 0.0328125
