2 0.439063 0.20859350000000002 0.04375 0.0515625
2 0.460156 0.275 0.039062 0.0375
1 0.474219 0.32343725 0.035937 0.034374749999999996
1 0.5125 0.23437475000000002 0.03125 0.0375
1 0.521094 0.28750025 0.039062 0.04062525
1 0.522656 0.32968775000000006 0.042188 0.04062525
1 0.519531 0.37031225 0.042188 0.043749750000000004
1 0.494531 0.40390625 0.042188 0.04531275
1 0.510156 0.44687525000000006 0.048438 0.043749750000000004
1 0.475781 0.36093725 0.042188 0.0375
1 0.46796899999999997 0.396875 0.048438 0.043749750000000004
1 0.478906 0.43593724999999994 0.045312 0.046875
2 0.175 0.59375 0.05625 0.059375250000000004
2 0.20546899999999998 0.8179684999999999 0.045312 0.0515625
2 0.20546899999999998 0.85859375 0.060937 0.0328125
2 0.258594 0.8382815000000001 0.057813 0.04531275
