1 0.150781 0.29375 0.076563 0.07187475
1 0.273438 0.3960935 0.075 0.07343775
1 0.264062 0.45859400000000006 0.071875 0.0703125
1 0.24531200000000003 0.528125 0.078125 0.07187475
1 0.21406200000000003 0.59140625 0.06875 0.0703125
1 0.141406 0.48203150000000006 0.076563 0.06718725
1 0.135937 0.55000025 0.078125 0.06875025
0 0.139844 0.60625025 0.054688 0.046875
0 0.210938 0.6421872499999999 0.053125 0.05000025
1 0.11640599999999998 0.672656 0.079687 0.06718725
0 0.203906 0.696875 0.048438 0.046875
0 0.18125 0.739844 0.046875 0.04531275
0 0.1375 0.75156275 0.040625 0.043749750000000004
0 0.125 0.72265625 0.05 0.04843725
0 0.295312 0.1625 0.09375 0.07187475
1 0.760156 0.35234375 0.054688 0.0515625
1 0.688281 0.8054690000000001 0.064062 0.06718725
1 0.9398440000000001 0.49765625 0.045312 0.03906225
1 0.941406 0.5460935 0.045312 0.03906225
1 0.948438 0.65781275 0.05 0.0375
0 0.963281 0.70390625 0.045312 0.0421875
1 0.835938 0.81171875 0.034375 0.03906225
1 0.798438 0.8406252500000001 0.03125 0.0375
1 0.786719 0.7828122499999999 0.039062 0.034374749999999996
1 0.051562 0.74218775 0.0375 0.034374749999999996
1 0.038281 0.7726565 0.039062 0.035937750000000004
1 0.035937 0.8039059999999999 0.0375 0.035937750000000004
1 0.020313 0.691406 0.0375 0.035937750000000004
1 0.067969 0.6320315 0.032813 0.0328125
2 0.8101559999999999 0.74999975 0.035937 0.0375
1 0.746875 0.86718725 0.053125 0.015624750000000001
1 0.835938 0.8664065000000001 0.04375 0.017187749999999998
1 0.152344 0.40781225 0.073438 0.065625
2 0.0125 0.753125 0.021875 0.043749750000000004
2 0.007812000000000001 0.8140625 0.0125 0.034374749999999996
2 0.009375 0.78749975 0.015625 0.028125
2 0.017188 0.64687475 0.03125 0.0375
2 0.059375 0.70468775 0.034375 0.03125025
