2 0.311719 0.49140649999999997 0.051562 0.04843725
2 0.292187 0.54062525 0.053125 0.046875
2 0.257031 0.5249997499999999 0.048438 0.046875
0 0.260156 0.57343775 0.048438 0.043749750000000004
1 0.294531 0.59062475 0.057813 0.043749750000000004
1 0.254688 0.61953125 0.053125 0.04843725
1 0.297656 0.640625 0.054688 0.05000025
1 0.252344 0.67499975 0.051562 0.05312475
0 0.371094 0.17812475 0.035937 0.043749750000000004
0 0.379688 0.25859375 0.0375 0.0328125
0 0.399219 0.27421850000000003 0.039062 0.0328125
0 0.403906 0.2273435 0.039062 0.04531275
