1 0.2375 0.67656275 0.04375 0.043749750000000004
1 0.251563 0.73124975 0.05 0.04062525
1 0.246875 0.7898435 0.053125 0.05468775
1 0.235156 0.8382815000000001 0.054688 0.0515625
2 0.197656 0.71406275 0.048438 0.043749750000000004
1 0.20546899999999998 0.766406 0.045312 0.03906225
1 0.208594 0.81171875 0.048438 0.0421875
1 0.419531 0.39140600000000003 0.045312 0.0421875
2 0.413281 0.340625 0.045312 0.046875
2 0.461719 0.317969 0.048438 0.03906225
2 0.45625 0.26718725 0.05 0.05000025
2 0.45 0.20312524999999998 0.046875 0.05625
2 0.383594 0.24062524999999998 0.045312 0.043749750000000004
2 0.4 0.2984375 0.04375 0.046875
0 0.475781 0.35390599999999994 0.032813 0.0328125
