2 0.299219 0.5289065 0.051562 0.04843725
2 0.275781 0.578906 0.054688 0.0515625
2 0.241406 0.561719 0.048438 0.04843725
1 0.24765600000000002 0.6117185 0.045312 0.0421875
1 0.283594 0.62968775 0.051562 0.05000025
1 0.282031 0.67656275 0.054688 0.05312475
1 0.24375 0.715625 0.05 0.046875
1 0.244531 0.6601565 0.045312 0.0515625
1 0.894531 0.32968775000000006 0.029687 0.02187525
1 0.880469 0.3601565 0.026561999999999995 0.020312249999999997
1 0.876563 0.38125025 0.021875 0.02187525
1 0.875 0.402344 0.028125 0.0234375
1 0.8726559999999999 0.4257815 0.023438 0.017187749999999998
1 0.8445310000000001 0.41718725 0.026561999999999995 0.01875
1 0.8414059999999999 0.3960935 0.029687 0.0234375
2 0.8429689999999999 0.37187525 0.029687 0.02499975
2 0.8507809999999999 0.4632815 0.023438 0.026562749999999996
2 0.8460940000000001 0.496094 0.032813 0.026562749999999996
2 0.84375 0.5203122499999999 0.0375 0.028125
2 0.842187 0.5484372499999999 0.0375 0.03125025
2 0.8195309999999999 0.56328125 0.032813 0.0328125
