2 0.264844 0.3132815 0.076563 0.0703125
2 0.3625 0.30937475000000003 0.075 0.075
1 0.24765600000000002 0.38828150000000006 0.045312 0.04843725
1 0.351562 0.36562474999999994 0.04375 0.043749750000000004
1 0.320312 0.4625 0.04375 0.043749750000000004
1 0.292187 0.54062525 0.046875 0.046875
1 0.2125 0.486719 0.046875 0.0421875
1 0.192969 0.57265625 0.048438 0.0515625
1 0.272656 0.62812475 0.048438 0.043749750000000004
1 0.160938 0.646094 0.08125 0.07656225
1 0.148438 0.72187475 0.08125 0.06875025
1 0.160156 0.79687475 0.079687 0.075
1 0.23671899999999998 0.77890625 0.076563 0.07343775
1 0.2625 0.70781225 0.06875 0.065625
1 0.96875 0.378125 0.0625 0.06875025
1 0.9195309999999999 0.43593724999999994 0.060937 0.06249975
1 0.939063 0.47890625 0.075 0.0609375
1 0.932813 0.6117185 0.06875 0.06406275
1 0.982812 0.2929685 0.034375 0.057812249999999996
1 0.985938 0.42187475 0.028125 0.065625
1 0.885938 0.5554685 0.0625 0.06406275
1 0.896094 0.49218725 0.073438 0.059375250000000004
