2 0.121094 0.48281224999999994 0.070312 0.065625
2 0.261719 0.42265625 0.067187 0.04531275
2 0.239844 0.48125 0.073438 0.075
2 0.191406 0.5179685 0.076563 0.06406275
2 0.132812 0.56406275 0.08125 0.065625
2 0.086719 0.725 0.064062 0.065625
0 0.970313 0.27734375 0.05625 0.0703125
0 0.927344 0.3117185 0.054688 0.057812249999999996
2 0.954688 0.15937475 0.065625 0.05625
0 0.9867190000000001 0.1859375 0.026561999999999995 0.046875
1 0.017969 0.3125 0.032813 0.059375250000000004
2 0.014844 0.25468775 0.026561999999999995 0.059375250000000004
1 0.022656 0.1953125 0.042188 0.059375250000000004
2 0.140625 0.7945309999999999 0.04375 0.0609375
0 0.092969 0.78749975 0.032813 0.04062525
