2 0.248438 0.40000025000000006 0.053125 0.05625
2 0.31875 0.37499975 0.053125 0.05312475
2 0.321094 0.4390625 0.060937 0.05312475
2 0.242969 0.4484375 0.057813 0.05312475
2 0.224219 0.503906 0.064062 0.0609375
2 0.311719 0.50234375 0.064062 0.05468775
2 0.330469 0.5601559999999999 0.067187 0.0609375
2 0.22968700000000003 0.565625 0.06875 0.065625
2 0.24609399999999998 0.621875 0.070312 0.065625
1 0.266406 0.67968725 0.064062 0.06249975
1 0.319531 0.64765625 0.067187 0.0609375
1 0.939063 0.45156275 0.04375 0.04062525
0 0.8742189999999999 0.616406 0.042188 0.0421875
0 0.867188 0.575 0.025 0.028125
0 0.9132809999999999 0.63437525 0.032813 0.043749750000000004
