1 0.646875 0.37187525 0.046875 0.046875
1 0.71875 0.41718725 0.05 0.043749750000000004
1 0.641406 0.43515650000000006 0.057813 0.0515625
1 0.700781 0.4671875 0.054688 0.046875
1 0.629687 0.48515600000000003 0.053125 0.04843725
1 0.68125 0.5140625 0.053125 0.043749750000000004
1 0.617969 0.5335940000000001 0.054688 0.04531275
1 0.671875 0.55625 0.05 0.043749750000000004
1 0.621875 0.5851565 0.05 0.0515625
1 0.673438 0.6078125 0.0625 0.05000025
1 0.61875 0.636719 0.05625 0.04843725
0 0.630469 0.67031225 0.032813 0.034374749999999996
0 0.669531 0.65781275 0.054688 0.05000025
0 0.635938 0.70390625 0.0375 0.0328125
0 0.649219 0.72187475 0.051562 0.046875
0 0.675 0.691406 0.040625 0.035937750000000004
1 0.44375 0.6398435 0.03125 0.0328125
1 0.383594 0.65156225 0.029687 0.028125
1 0.424219 0.68046875 0.026561999999999995 0.0328125
1 0.375 0.6859377500000001 0.028125 0.028125
1 0.41718700000000003 0.719531 0.040625 0.035937750000000004
1 0.364063 0.72656225 0.0375 0.04062525
1 0.41093799999999997 0.75468725 0.040625 0.0375
1 0.41093799999999997 0.78749975 0.046875 0.04062525
1 0.358594 0.75468725 0.042188 0.0375
1 0.348438 0.785156 0.04375 0.0421875
1 0.385937 0.8367184999999999 0.0375 0.04531275
0 0.351562 0.8382815000000001 0.03125 0.0328125
1 0.166406 0.72343775 0.032813 0.034374749999999996
1 0.192969 0.75078125 0.032813 0.02968725
1 0.203125 0.72734375 0.028125 0.02968725
1 0.210156 0.67109375 0.023438 0.0234375
1 0.166406 0.696875 0.017188 0.02499975
1 0.175 0.672656 0.01875 0.020312249999999997
1 0.202344 0.696875 0.026561999999999995 0.02499975
1 0.284375 0.65312525 0.025 0.02499975
