0 0.541406 0.29062475 0.057813 0.046875
0 0.548438 0.34375025 0.053125 0.043749750000000004
0 0.558594 0.392969 0.057813 0.04843725
0 0.553906 0.449219 0.051562 0.04531275
0 0.55625 0.503906 0.065625 0.057812249999999996
0 0.621875 0.2945315 0.040625 0.035937750000000004
0 0.628125 0.3585935 0.046875 0.0421875
0 0.6375 0.42109399999999997 0.05625 0.057812249999999996
0 0.63125 0.47421875 0.059375 0.0609375
0 0.63125 0.524219 0.053125 0.0515625
0 0.573438 0.5554685 0.05625 0.057812249999999996
0 0.572656 0.603125 0.064062 0.05625
0 0.589063 0.6492185 0.053125 0.05468775
0 0.646875 0.62812475 0.059375 0.05312475
0 0.614844 0.66640625 0.054688 0.057812249999999996
0 0.624219 0.57734375 0.060937 0.057812249999999996
0 0.1875 0.19296875 0.0375 0.035937750000000004
0 0.1875 0.24531275 0.0375 0.034374749999999996
0 0.196094 0.303125 0.039062 0.04062525
0 0.134375 0.27656225 0.0375 0.034374749999999996
0 0.12265600000000002 0.21250025 0.026561999999999995 0.03125025
0 0.11953100000000001 0.14609375 0.032813 0.03906225
0 0.845313 0.25937525 0.04375 0.05000025
0 0.839844 0.2195315 0.042188 0.0421875
0 0.829688 0.321875 0.040625 0.043749750000000004
1 0.949219 0.5835934999999999 0.054688 0.0421875
1 0.917969 0.5953122499999999 0.042188 0.04062525
1 0.945312 0.6320315 0.046875 0.04531275
1 0.9125 0.64843775 0.04375 0.0375
1 0.949219 0.67109375 0.045312 0.0421875
0 0.9539060000000001 0.758594 0.039062 0.035937750000000004
0 0.949219 0.7914065000000001 0.032813 0.03906225
0 0.939063 0.83046875 0.04375 0.035937750000000004
0 0.917188 0.78828125 0.040625 0.03906225
2 0.073438 0.62812475 0.05 0.043749750000000004
2 0.071094 0.6679685 0.054688 0.04843725
2 0.053125 0.7203125 0.05625 0.05625
2 0.059375 0.7765625 0.0625 0.059375250000000004
2 0.059375 0.8382815000000001 0.0625 0.05468775
2 0.341406 0.78828125 0.042188 0.04531275
2 0.330469 0.83046875 0.048438 0.03906225
