2 0.314063 0.278125 0.056250 0.056250
1 0.384375 0.338281 0.056250 0.057813
1 0.303125 0.362500 0.053125 0.053125
1 0.366406 0.427344 0.060937 0.054688
1 0.286719 0.450000 0.054688 0.050000
1 0.365625 0.496094 0.056250 0.051562
1 0.281250 0.525781 0.053125 0.054688
1 0.267188 0.598437 0.068750 0.068750
1 0.285156 0.650781 0.092188 0.089063
0 0.353125 0.668750 0.056250 0.068750
0 0.336719 0.743750 0.076563 0.071875
2 0.678906 0.734375 0.054688 0.056250
2 0.757031 0.739844 0.060937 0.051562
1 0.746875 0.774219 0.040625 0.032813
1 0.729688 0.840625 0.034375 0.037500
1 0.668750 0.788281 0.034375 0.039062
1 0.964063 0.286719 0.071875 0.085938
1 0.965625 0.349219 0.068750 0.085938
1 0.969531 0.422656 0.060937 0.073438
0 0.410156 0.248438 0.054688 0.050000
0 0.296094 0.697656 0.057813 0.042188
1 0.654687 0.863281 0.031250 0.026562
1 0.981250 0.211719 0.037500 0.070312
1 0.975781 0.144531 0.048438 0.042188
