1 0.264844 0.337500 0.042188 0.034375
1 0.308594 0.328906 0.045312 0.042188
1 0.317969 0.378906 0.045312 0.042188
1 0.310937 0.427344 0.050000 0.054688
1 0.261719 0.399219 0.042188 0.042188
1 0.261719 0.443750 0.035937 0.040625
1 0.310156 0.468750 0.045312 0.037500
1 0.264062 0.488281 0.043750 0.042188
0 0.274219 0.515625 0.026562 0.028125
0 0.311719 0.504687 0.029687 0.021875
0 0.286719 0.557813 0.026562 0.021875
0 0.321875 0.539062 0.028125 0.025000
0 0.325781 0.582031 0.023438 0.026562
0 0.276562 0.597656 0.028125 0.026562
0 0.299219 0.644531 0.039062 0.042188
0 0.325781 0.625781 0.029687 0.035937
