0 0.732031 0.2195315 0.048438 0.0515625
0 0.785937 0.2179685 0.046875 0.057812249999999996
0 0.727344 0.26796875 0.048438 0.04843725
0 0.773438 0.271094 0.05 0.057812249999999996
2 0.577344 0.48828125 0.064062 0.05468775
2 0.632812 0.46093775 0.0625 0.05312475
2 0.622656 0.51093725 0.060937 0.046875
2 0.588281 0.54062525 0.042188 0.034374749999999996
2 0.573438 0.58671875 0.05625 0.04531275
2 0.56875 0.636719 0.053125 0.05468775
2 0.576562 0.67968725 0.05625 0.059375250000000004
2 0.594531 0.71796875 0.054688 0.057812249999999996
2 0.640625 0.68437475 0.0625 0.059375250000000004
2 0.636719 0.60546875 0.045312 0.0421875
2 0.645312 0.6453125 0.05 0.05000025
2 0.640625 0.55312475 0.034375 0.04062525
0 0.759375 0.15078125 0.03125 0.03906225
2 0.014844 0.15546875 0.026561999999999995 0.05468775
2 0.017188 0.39531275 0.03125 0.06249975
2 0.017969 0.449219 0.032813 0.057812249999999996
