2 0.548438 0.33828125 0.0625 0.06406275
2 0.55 0.40078099999999994 0.0625 0.0609375
2 0.617188 0.38046875 0.059375 0.05468775
2 0.617969 0.43281274999999997 0.064062 0.059375250000000004
2 0.546875 0.453125 0.0625 0.059375250000000004
2 0.621875 0.54453125 0.059375 0.057812249999999996
2 0.614844 0.5953122499999999 0.057813 0.059375250000000004
2 0.596094 0.640625 0.064062 0.059375250000000004
2 0.548438 0.56718725 0.059375 0.059375250000000004
2 0.54375 0.616406 0.0625 0.04531275
2 0.545312 0.6640625 0.0625 0.046875
0 0.989062 0.29999975 0.021875 0.05312475
0 0.979688 0.34140650000000006 0.040625 0.04843725
