1 0.534375 0.17968774999999998 0.046875 0.05000025
1 0.578906 0.29062475 0.039062 0.043749750000000004
1 0.573438 0.3398435 0.040625 0.04843725
1 0.632812 0.32812475 0.040625 0.0375
2 0.632812 0.27343775 0.05 0.059375250000000004
2 0.557813 0.402344 0.05 0.04531275
2 0.54375 0.44218775 0.053125 0.05000025
2 0.532031 0.490625 0.057813 0.05625
2 0.539062 0.52578125 0.053125 0.05468775
2 0.628906 0.383594 0.048438 0.04843725
2 0.621094 0.434375 0.054688 0.05312475
2 0.621094 0.47890625 0.064062 0.0515625
1 0.589844 0.55312475 0.054688 0.046875
0 0.554688 0.55781225 0.040625 0.043749750000000004
2 0.54375 0.14062475000000002 0.053125 0.028125
