2 0.094531 0.16015625 0.054688 0.0515625
2 0.146875 0.147656 0.053125 0.0421875
2 0.157031 0.19843775 0.054688 0.05000025
2 0.098437 0.21875 0.05 0.05312475
2 0.544531 0.35390599999999994 0.032813 0.0328125
2 0.542188 0.396875 0.0375 0.043749750000000004
2 0.592187 0.378125 0.03125 0.034374749999999996
2 0.577344 0.4296875 0.045312 0.043749750000000004
2 0.582031 0.477344 0.042188 0.0421875
2 0.541406 0.43124975 0.029687 0.034374749999999996
2 0.534375 0.49140649999999997 0.04375 0.04843725
0 0.588281 0.54374975 0.029687 0.03125025
0 0.600781 0.588281 0.023438 0.026562749999999996
0 0.575781 0.64687475 0.045312 0.05000025
0 0.545312 0.62968775 0.04375 0.04062525
2 0.816406 0.5476565 0.060937 0.05468775
2 0.771094 0.5289065 0.032813 0.035937750000000004
2 0.771875 0.60937475 0.04375 0.0375
2 0.733594 0.6390627500000001 0.045312 0.05000025
1 0.763281 0.7007809999999999 0.048438 0.03906225
0 0.600781 0.31562524999999997 0.026561999999999995 0.03125025
0 0.650781 0.1710935 0.048438 0.0515625
2 0.085156 0.27343775 0.035937 0.05312475
1 0.778906 0.56796875 0.029687 0.0328125
