2 0.553125 0.2835935 0.075 0.07656225
0 0.607812 0.38046875 0.059375 0.057812249999999996
0 0.729688 0.589844 0.0625 0.057812249999999996
0 0.742188 0.65234375 0.05625 0.05468775
0 0.755469 0.70390625 0.064062 0.057812249999999996
0 0.7375 0.753125 0.0625 0.075
0 0.677344 0.7523435 0.070312 0.07656225
0 0.684375 0.68984375 0.05625 0.04843725
1 0.661719 0.63125 0.070312 0.07187475
2 0.814063 0.8429690000000001 0.05625 0.0609375
1 0.646875 0.55937525 0.06875 0.07812525000000001
2 0.716406 0.5132809999999999 0.073438 0.0796875
1 0.671094 0.34687475 0.060937 0.065625
2 0.625781 0.466406 0.076563 0.0703125
2 0.697656 0.4203125 0.067187 0.06875025
