1 0.203125 0.34140650000000006 0.065625 0.0609375
1 0.283594 0.4070315 0.067187 0.0609375
1 0.255469 0.5 0.067187 0.05625
1 0.235937 0.5890625 0.08125 0.075
1 0.211719 0.66093725 0.076563 0.07187475
1 0.153125 0.5367184999999999 0.075 0.0703125
1 0.135156 0.61484375 0.076563 0.0703125
1 0.125 0.6789065 0.08125 0.0703125
0 0.11796900000000002 0.72656225 0.045312 0.05000025
0 0.194531 0.71328125 0.048438 0.0515625
0 0.186719 0.7726565 0.048438 0.0515625
0 0.110937 0.78828125 0.05 0.0515625
0 0.1125 0.8507809999999999 0.06875 0.04843725
1 0.167969 0.434375 0.082812 0.06875025
1 0.964063 0.44531225 0.03125 0.034374749999999996
1 0.9507809999999999 0.4804685 0.035937 0.035937750000000004
1 0.945312 0.51718775 0.034375 0.0375
