2 0.518750 0.289844 0.046875 0.048438
2 0.582031 0.267969 0.035937 0.039062
2 0.578906 0.319531 0.045312 0.045312
2 0.585938 0.366406 0.046875 0.042188
2 0.584375 0.415625 0.046875 0.046875
2 0.520312 0.335156 0.046875 0.048438
2 0.526563 0.383594 0.046875 0.048438
2 0.521094 0.437500 0.048438 0.046875
0 0.535156 0.471875 0.023438 0.031250
0 0.579688 0.452344 0.025000 0.029687
0 0.578906 0.494531 0.023438 0.029687
0 0.535156 0.515625 0.029687 0.034375
0 0.584375 0.535156 0.034375 0.035937
0 0.533594 0.557813 0.035937 0.037500
0 0.578125 0.571875 0.037500 0.037500
0 0.573438 0.610156 0.040625 0.039062
0 0.533594 0.594531 0.042188 0.039062
0 0.767188 0.181250 0.040625 0.043750
0 0.807813 0.155469 0.046875 0.045312
0 0.762500 0.142969 0.046875 0.032813
2 0.989844 0.485156 0.020313 0.045312
2 0.988281 0.528125 0.023438 0.034375
1 0.983594 0.628125 0.032813 0.043750
1 0.990625 0.565625 0.018750 0.028125
0 0.992188 0.775781 0.015625 0.042188
