2 0.527344 0.32968775000000006 0.045312 0.046875
2 0.60625 0.34140650000000006 0.046875 0.0421875
1 0.523438 0.37109375 0.03125 0.026562749999999996
1 0.509375 0.43203125 0.034375 0.035937750000000004
1 0.497656 0.46953125 0.029687 0.0328125
1 0.48906299999999997 0.5132809999999999 0.028125 0.0328125
1 0.47968700000000003 0.55390625 0.053125 0.0515625
1 0.553125 0.54374975 0.040625 0.046875
1 0.54375 0.589844 0.05 0.04531275
1 0.510156 0.56796875 0.048438 0.05468775
1 0.557031 0.505469 0.039062 0.035937750000000004
1 0.5625 0.45937474999999994 0.034375 0.034374749999999996
2 0.575781 0.41328125 0.032813 0.035937750000000004
2 0.578906 0.38984375 0.051562 0.04531275
1 0.8875 0.25078100000000003 0.05 0.0515625
0 0.8757810000000001 0.29062475 0.032813 0.0375
0 0.9148440000000001 0.2234375 0.035937 0.03125025
1 0.892188 0.19140649999999998 0.05 0.04843725
1 0.921875 0.157031 0.05625 0.03906225
2 0.864062 0.17421875 0.053125 0.0421875
2 0.857812 0.21171875 0.053125 0.0421875
