1 0.742969 0.40859375 0.045312 0.04531275
1 0.738281 0.44999975000000003 0.042188 0.04062525
1 0.753906 0.4726565 0.035937 0.035937750000000004
1 0.792969 0.46562525 0.035937 0.034374749999999996
2 0.271094 0.53125025 0.054688 0.05000025
2 0.235156 0.5757815 0.060937 0.05468775
2 0.310156 0.58593725 0.060937 0.06249975
2 0.26875 0.6226565 0.0625 0.06406275
1 0.204687 0.60937475 0.040625 0.04062525
1 0.24375 0.66718775 0.04375 0.04062525
1 0.167969 0.6601565 0.042188 0.0421875
1 0.142969 0.7164065 0.048438 0.04843725
1 0.145313 0.7796877500000001 0.05625 0.046875
1 0.217969 0.730469 0.057813 0.04843725
1 0.2125 0.77343725 0.05 0.05312475
