2 0.164062 0.27421850000000003 0.06875 0.0609375
2 0.270313 0.26328125 0.065625 0.057812249999999996
2 0.251563 0.32968775000000006 0.06875 0.059375250000000004
1 0.16875 0.33749975 0.065625 0.065625
1 0.164844 0.4015625 0.070312 0.06249975
1 0.24609399999999998 0.38593774999999997 0.064062 0.06249975
1 0.24375 0.44453149999999997 0.065625 0.06718725
0 0.25 0.48828125 0.046875 0.0421875
0 0.182031 0.5203122499999999 0.057813 0.05000025
0 0.178906 0.571094 0.045312 0.04843725
0 0.159375 0.62968775 0.06875 0.05625
0 0.250781 0.636719 0.064062 0.0609375
0 0.176563 0.6679685 0.053125 0.0515625
0 0.240625 0.69531275 0.06875 0.059375250000000004
1 0.027344 0.8007815 0.045312 0.0421875
1 0.234375 0.8195315000000001 0.028125 0.026562749999999996
1 0.221875 0.8523440000000001 0.028125 0.026562749999999996
1 0.020313 0.7523435 0.0375 0.03906225
