2 0.551562 0.43828100000000003 0.04375 0.0421875
2 0.502344 0.449219 0.042188 0.04531275
2 0.49921899999999997 0.48828125 0.039062 0.0421875
2 0.540625 0.4804685 0.0375 0.035937750000000004
2 0.533594 0.5132809999999999 0.042188 0.03906225
2 0.49218799999999996 0.5234375 0.040625 0.0375
1 0.525781 0.5929685 0.029687 0.0328125
1 0.486719 0.59999975 0.029687 0.03125025
1 0.846875 0.209375 0.03125 0.0375
1 0.871875 0.2554685 0.0375 0.0328125
1 0.8882809999999999 0.21718774999999998 0.029687 0.02499975
1 0.8601560000000001 0.29687525 0.042188 0.04062525
1 0.847656 0.33281225000000003 0.042188 0.04062525
0 0.848437 0.35703125 0.025 0.026562749999999996
0 0.810937 0.36093725 0.03125 0.028125
0 0.8273439999999999 0.3921875 0.051562 0.04062525
1 0.817187 0.29375 0.040625 0.034374749999999996
0 0.828125 0.2515625 0.028125 0.03125025
0 0.849219 0.166406 0.029687 0.02968725
1 0.528125 0.56249975 0.025 0.02187525
1 0.489844 0.5718747499999999 0.023438 0.02499975
1 0.884375 0.18203149999999998 0.028125 0.035937750000000004
1 0.8375 0.14062475000000002 0.040625 0.028125
