1 0.178125 0.284375 0.05625 0.05312475
1 0.271875 0.33749975 0.05625 0.05312475
1 0.195312 0.378125 0.065625 0.059375250000000004
1 0.279687 0.4164065 0.0625 0.0609375
1 0.196094 0.44453149999999997 0.070312 0.07656225
1 0.189844 0.5148440000000001 0.076563 0.07656225
1 0.270313 0.5328125 0.071875 0.065625
1 0.160156 0.55390625 0.073438 0.06718725
1 0.176563 0.6226565 0.071875 0.06406275
1 0.209375 0.68437475 0.075 0.065625
0 0.233594 0.74609375 0.054688 0.05468775
0 0.28125 0.683594 0.04375 0.04531275
1 0.639062 0.785156 0.05625 0.0515625
0 0.589844 0.77031275 0.035937 0.04062525
