0 0.266406 0.153125 0.045312 0.04062525
0 0.267969 0.19687475000000002 0.039062 0.043749750000000004
0 0.314063 0.213281 0.05 0.04843725
0 0.297656 0.24609350000000002 0.045312 0.0515625
0 0.294531 0.2945315 0.048438 0.04531275
0 0.252344 0.278906 0.051562 0.04531275
0 0.260937 0.23828149999999998 0.04375 0.04843725
2 0.634375 0.3359375 0.0375 0.0375
2 0.622656 0.3921875 0.039062 0.03125025
2 0.703125 0.37109375 0.040625 0.0328125
2 0.697656 0.428906 0.045312 0.04843725
2 0.699219 0.490625 0.060937 0.059375250000000004
2 0.682813 0.546875 0.059375 0.05625
2 0.670312 0.6039065000000001 0.059375 0.04843725
2 0.622656 0.45546875 0.042188 0.035937750000000004
2 0.615625 0.51093725 0.059375 0.05312475
2 0.613281 0.5664065 0.057813 0.057812249999999996
0 0.605469 0.6070309999999999 0.035937 0.0328125
0 0.592969 0.65156225 0.032813 0.028125
0 0.664062 0.6390627500000001 0.03125 0.034374749999999996
0 0.628125 0.70312475 0.0375 0.043749750000000004
2 0.415625 0.74999975 0.053125 0.043749750000000004
2 0.45 0.8054690000000001 0.05 0.04843725
2 0.458594 0.85390625 0.051562 0.0421875
2 0.42109399999999997 0.8085935 0.042188 0.04843725
