1 0.113281 0.30078125 0.082812 0.0703125
2 0.23046899999999998 0.25625 0.070312 0.05312475
1 0.21484399999999998 0.35078149999999997 0.082812 0.0703125
1 0.210938 0.430469 0.078125 0.06406275
2 0.194531 0.5 0.076563 0.06875025
1 0.103125 0.3921875 0.084375 0.065625
2 0.105469 0.46874975 0.082812 0.07187475
1 0.105469 0.5375 0.076563 0.06875025
1 0.103125 0.6171875 0.078125 0.075
0 0.10234400000000002 0.69374975 0.082812 0.06875025
0 0.192969 0.5648435 0.054688 0.04843725
0 0.196094 0.646094 0.067187 0.0609375
2 0.664062 0.2179685 0.065625 0.06718725
2 0.284375 0.7593747499999999 0.0375 0.043749750000000004
2 0.349219 0.72812525 0.042188 0.04062525
0 0.323437 0.7765625 0.0375 0.0375
0 0.314844 0.81640625 0.035937 0.035937750000000004
0 0.274219 0.8078127500000001 0.032813 0.0375
0 0.692187 0.14375 0.059375 0.034374749999999996
0 0.645312 0.14531225 0.059375 0.0375
0 0.646875 0.74531225 0.0625 0.05625
0 0.633594 0.6867185 0.048438 0.04843725
2 0.265625 0.85625 0.053125 0.0375
