2 0.538281 0.40859375 0.045312 0.0421875
2 0.585938 0.44609375 0.046875 0.0515625
2 0.547656 0.4671875 0.045312 0.043749750000000004
2 0.596094 0.4953125 0.051562 0.043749750000000004
2 0.560937 0.51250025 0.05 0.046875
2 0.567969 0.55312475 0.032813 0.03125025
2 0.607031 0.5703125 0.026561999999999995 0.028125
2 0.567969 0.58750025 0.029687 0.02499975
2 0.603906 0.65624975 0.051562 0.043749750000000004
2 0.591406 0.692969 0.042188 0.0421875
2 0.561719 0.6695315 0.042188 0.035937750000000004
1 0.569531 0.62890625 0.035937 0.02968725
1 0.607812 0.6171875 0.028125 0.03125025
0 0.8 0.242969 0.040625 0.03906225
0 0.757031 0.18515600000000002 0.035937 0.02968725
0 0.8351559999999999 0.16171850000000002 0.035937 0.035937750000000004
0 0.775781 0.14375 0.039062 0.034374749999999996
