2 0.382812 0.19296875 0.03125 0.03906225
2 0.40546899999999997 0.22890649999999998 0.042188 0.04531275
2 0.363281 0.23515625 0.045312 0.04531275
2 0.341406 0.27656225 0.048438 0.05000025
2 0.41875 0.284375 0.05 0.046875
2 0.392969 0.31484375 0.048438 0.04531275
2 0.344531 0.32812475 0.048438 0.05312475
2 0.325781 0.31562524999999997 0.051562 0.043749750000000004
2 0.329688 0.35703125 0.053125 0.04531275
2 0.351562 0.383594 0.053125 0.05468775
2 0.890625 0.29687525 0.0625 0.06249975
1 0.917969 0.34375025 0.035937 0.04062525
1 0.927344 0.41484350000000003 0.045312 0.04843725
1 0.920312 0.46953125 0.04375 0.04531275
1 0.959375 0.45625024999999997 0.04375 0.043749750000000004
1 0.870313 0.5718747499999999 0.06875 0.06249975
1 0.851562 0.588281 0.065625 0.06718725
1 0.9054689999999999 0.6117185 0.064062 0.0609375
1 0.909375 0.522656 0.0375 0.03906225
1 0.958594 0.51718775 0.039062 0.043749750000000004
1 0.928125 0.55859375 0.059375 0.05468775
0 0.104688 0.25781225 0.05 0.0375
1 0.092969 0.14999975000000002 0.054688 0.046875
1 0.41875 0.1625 0.028125 0.034374749999999996
2 0.90625 0.37656275000000006 0.065625 0.06249975
