1 0.260156 0.7148435 0.060937 0.06406275
1 0.196875 0.7054685 0.0625 0.06406275
1 0.164062 0.659375 0.06875 0.065625
1 0.107813 0.48437525 0.06875 0.05625
1 0.134375 0.5460935 0.06875 0.057812249999999996
1 0.151562 0.60625025 0.06875 0.05625
0 0.582812 0.725 0.065625 0.065625
0 0.648438 0.6867185 0.059375 0.05468775
0 0.675781 0.7390625 0.057813 0.046875
0 0.622656 0.76406225 0.042188 0.04062525
0 0.689063 0.78749975 0.046875 0.046875
0 0.717969 0.8367184999999999 0.042188 0.04531275
0 0.933594 0.84453125 0.073438 0.0609375
0 0.940625 0.725 0.059375 0.05312475
1 0.9554690000000001 0.51171875 0.089063 0.0796875
1 0.960938 0.6117185 0.078125 0.10156275000000001
1 0.199219 0.5273435 0.060937 0.057812249999999996
1 0.204687 0.588281 0.065625 0.0609375
