2 0.571875 0.32812475 0.065625 0.059375250000000004
2 0.561719 0.402344 0.064062 0.057812249999999996
2 0.628906 0.3828125 0.054688 0.05625
2 0.621875 0.43750025 0.059375 0.059375250000000004
2 0.571875 0.44609375 0.040625 0.0421875
2 0.625781 0.4804685 0.039062 0.03906225
2 0.584375 0.5929685 0.053125 0.05468775
2 0.571094 0.6414065 0.060937 0.0609375
2 0.617188 0.6695315 0.05625 0.0609375
2 0.636719 0.61015625 0.054688 0.05468775
1 0.9679689999999999 0.16406225000000002 0.060937 0.06249975
1 0.932813 0.15468725 0.053125 0.05312475
1 0.941406 0.19921850000000002 0.057813 0.0609375
1 0.9773440000000001 0.2179685 0.045312 0.0609375
0 0.685156 0.16093775 0.045312 0.04062525
0 0.644531 0.17031274999999998 0.048438 0.043749750000000004
