2 0.494531 0.34453100000000003 0.048438 0.04843725
2 0.558594 0.3640625 0.048438 0.05312475
2 0.511719 0.40468775 0.051562 0.046875
2 0.566406 0.43281274999999997 0.054688 0.05000025
2 0.513281 0.471875 0.054688 0.05312475
2 0.567187 0.5007815 0.053125 0.05468775
0 0.535156 0.5195315 0.032813 0.0328125
0 0.576562 0.546875 0.03125 0.0375
0 0.533594 0.5664065 0.032813 0.02968725
0 0.576562 0.597656 0.028125 0.0328125
0 0.540625 0.6171875 0.03125 0.03125025
0 0.579688 0.64843775 0.04375 0.04062525
0 0.529687 0.664844 0.040625 0.0421875
0 0.522656 0.730469 0.048438 0.05468775
0 0.56875 0.734375 0.046875 0.05000025
0 0.58125 0.69531275 0.05 0.046875
0 0.6875 0.15546875 0.059375 0.057812249999999996
0 0.739062 0.16796899999999998 0.05625 0.0609375
0 0.696094 0.20312524999999998 0.054688 0.05625
0 0.753906 0.2140625 0.051562 0.05625
1 0.960938 0.6656247499999999 0.04375 0.043749750000000004
1 0.93125 0.6273440000000001 0.04375 0.0421875
2 0.9695310000000001 0.7359372499999999 0.060937 0.065625
2 0.954688 0.79687475 0.065625 0.065625
2 0.927344 0.7562502500000001 0.060937 0.06249975
1 0.949219 0.57656225 0.042188 0.0375
1 0.972656 0.5375 0.051562 0.043749750000000004
0 0.93125 0.683594 0.046875 0.03906225
