2 0.301563 0.36875 0.0625 0.06249975
2 0.410156 0.43750025 0.057813 0.059375250000000004
2 0.394531 0.503906 0.060937 0.057812249999999996
0 0.334375 0.50703125 0.0375 0.03906225
0 0.336719 0.5515625 0.039062 0.0375
0 0.385937 0.54453125 0.04375 0.03906225
0 0.385937 0.58593725 0.0375 0.04062525
0 0.346875 0.58750025 0.04375 0.0375
0 0.3375 0.63281225 0.04375 0.043749750000000004
0 0.38125 0.635156 0.046875 0.04843725
0 0.333594 0.672656 0.039062 0.03906225
1 0.078906 0.5609375 0.035937 0.034374749999999996
1 0.046094 0.57734375 0.035937 0.0328125
1 0.089063 0.6023435 0.0375 0.035937750000000004
1 0.099219 0.63437525 0.039062 0.0375
1 0.050781 0.6070309999999999 0.032813 0.0328125
1 0.057031 0.63749975 0.035937 0.028125
1 0.057031 0.6640625 0.039062 0.03125025
1 0.051562 0.69843725 0.0375 0.03125025
1 0.092188 0.68515625 0.040625 0.035937750000000004
1 0.8507809999999999 0.37031225 0.039062 0.04062525
1 0.857812 0.3320315 0.04375 0.035937750000000004
1 0.803125 0.378125 0.04375 0.0375
