1 0.246875 0.396875 0.046875 0.040625
2 0.242969 0.500000 0.045312 0.043750
2 0.227344 0.542969 0.054688 0.051562
2 0.212500 0.585938 0.059375 0.056250
2 0.195312 0.625000 0.056250 0.050000
2 0.200781 0.670312 0.064062 0.056250
2 0.271094 0.634375 0.054688 0.053125
2 0.300781 0.525000 0.051562 0.043750
1 0.321094 0.455469 0.035937 0.042188
2 0.522656 0.741406 0.042188 0.042188
2 0.507812 0.778906 0.043750 0.042188
2 0.482031 0.835156 0.035937 0.045312
1 0.526563 0.846094 0.037500 0.039062
2 0.681250 0.183594 0.062500 0.067187
2 0.762500 0.170313 0.059375 0.065625
2 0.675781 0.243750 0.057813 0.059375
2 0.732031 0.236719 0.057813 0.064062
1 0.672656 0.289062 0.045312 0.021875
2 0.504687 0.863281 0.031250 0.020313
