0 0.48359399999999997 0.1804685 0.051562 0.05468775
0 0.596094 0.27421850000000003 0.048438 0.0515625
0 0.535937 0.33046849999999994 0.040625 0.04531275
0 0.600781 0.35078149999999997 0.045312 0.04531275
0 0.536719 0.38828150000000006 0.048438 0.04843725
0 0.605469 0.425 0.045312 0.05000025
0 0.540625 0.45546875 0.04375 0.04531275
0 0.607812 0.47812475 0.05 0.05312475
0 0.539062 0.50624975 0.05625 0.046875
0 0.610938 0.5289065 0.04375 0.04843725
0 0.614844 0.57343775 0.051562 0.043749750000000004
0 0.627344 0.6210935 0.054688 0.04531275
0 0.579688 0.6585935 0.05 0.04843725
0 0.5625 0.60468725 0.046875 0.046875
0 0.548438 0.5570315000000001 0.053125 0.0515625
1 0.339844 0.8531247499999999 0.057813 0.0375
1 0.40156200000000003 0.85390625 0.0625 0.0421875
