0 0.415625 0.18125 0.03125 0.034374749999999996
0 0.40703100000000003 0.29062475 0.029687 0.0375
0 0.415625 0.32812475 0.034375 0.034374749999999996
0 0.42968799999999996 0.359375 0.0375 0.04062525
0 0.415625 0.40078099999999994 0.0375 0.035937750000000004
1 0.517188 0.490625 0.040625 0.0375
1 0.46796899999999997 0.5249997499999999 0.035937 0.0375
1 0.507812 0.55390625 0.040625 0.035937750000000004
1 0.47343799999999997 0.56796875 0.034375 0.0421875
1 0.510156 0.59062475 0.042188 0.03125025
0 0.514062 0.67578125 0.034375 0.0328125
0 0.485938 0.69921875 0.03125 0.0328125
0 0.519531 0.62343725 0.020313 0.02187525
0 0.478906 0.61093775 0.023438 0.01875
0 0.517188 0.7203125 0.034375 0.03125025
0 0.470313 0.75546875 0.0375 0.035937750000000004
0 0.516406 0.76874975 0.032813 0.0375
0 0.48515600000000003 0.786719 0.032813 0.035937750000000004
0 0.500781 0.7914065000000001 0.023438 0.0234375
0 0.746875 0.5484372499999999 0.034375 0.0375
0 0.735938 0.57343775 0.025 0.02499975
0 0.735156 0.60156275 0.039062 0.034374749999999996
1 0.804688 0.4164065 0.04375 0.035937750000000004
1 0.675 0.7562502500000001 0.034375 0.03125025
1 0.678125 0.82109375 0.040625 0.0421875
1 0.678125 0.85859375 0.04375 0.02968725
1 0.703125 0.728906 0.03125 0.02968725
0 0.9398440000000001 0.21250025 0.039062 0.03125025
0 0.949219 0.25468775 0.042188 0.043749750000000004
0 0.94375 0.29140625 0.04375 0.03906225
0 0.959375 0.31874975 0.040625 0.0375
0 0.974219 0.3492185 0.045312 0.035937750000000004
