2 0.46953100000000003 0.325781 0.054688 0.05468775
2 0.434375 0.33437525 0.0375 0.0375
2 0.474219 0.3789065 0.035937 0.03906225
2 0.435156 0.4070315 0.029687 0.0328125
2 0.464844 0.44218775 0.042188 0.0375
2 0.420312 0.46484375 0.04375 0.04531275
2 0.403906 0.51640625 0.048438 0.04843725
2 0.460156 0.503906 0.042188 0.0421875
2 0.44218799999999997 0.5476565 0.04375 0.0421875
2 0.395313 0.57734375 0.05625 0.057812249999999996
2 0.714063 0.3226565 0.046875 0.04531275
0 0.727344 0.13671875 0.029687 0.020312249999999997
0 0.717187 0.18437525 0.025 0.028125
0 0.763281 0.177344 0.026561999999999995 0.026562749999999996
0 0.704688 0.24062524999999998 0.028125 0.03125025
0 0.7375 0.29375 0.034375 0.04062525
0 0.747656 0.23046875 0.026561999999999995 0.0328125
