1 0.527344 0.3320315 0.048438 0.04531275
1 0.528906 0.392969 0.054688 0.04843725
1 0.589844 0.3734375 0.048438 0.046875
1 0.584375 0.41171900000000006 0.034375 0.0421875
0 0.535156 0.434375 0.023438 0.02499975
0 0.53125 0.47031275000000006 0.025 0.028125
0 0.525781 0.51640625 0.042188 0.0421875
0 0.530469 0.55625 0.045312 0.043749750000000004
0 0.540625 0.5921877500000001 0.040625 0.046875
0 0.5625 0.6171875 0.040625 0.046875
0 0.596094 0.59687525 0.042188 0.046875
0 0.603125 0.57265625 0.040625 0.03906225
0 0.599219 0.53515625 0.042188 0.0421875
0 0.614844 0.47500025 0.042188 0.05000025
0 0.654687 0.46562525 0.0375 0.043749750000000004
0 0.653125 0.428906 0.03125 0.0328125
2 0.234375 0.8414059999999999 0.06875 0.0609375
