2 0.548438 0.35078149999999997 0.053125 0.057812249999999996
2 0.535937 0.428906 0.05625 0.0515625
2 0.621094 0.415625 0.060937 0.05312475
2 0.607812 0.471875 0.053125 0.05312475
2 0.528906 0.48749975 0.054688 0.05625
2 0.575 0.5140625 0.05 0.05312475
1 0.569531 0.56406275 0.054688 0.05312475
1 0.192969 0.62812475 0.039062 0.0375
2 0.171875 0.6859377500000001 0.040625 0.0375
2 0.23125 0.68046875 0.046875 0.04531275
2 0.21484399999999998 0.72265625 0.045312 0.0421875
2 0.22265600000000002 0.7625 0.048438 0.043749750000000004
2 0.197656 0.8265627500000001 0.048438 0.046875
2 0.163281 0.7359372499999999 0.045312 0.043749750000000004
2 0.173437 0.7710934999999999 0.04375 0.04843725
2 0.136719 0.18515600000000002 0.042188 0.035937750000000004
2 0.198437 0.18203149999999998 0.0375 0.035937750000000004
2 0.196875 0.22656274999999998 0.040625 0.0375
2 0.199219 0.26249975000000003 0.042188 0.043749750000000004
2 0.139063 0.23906225 0.04375 0.04062525
2 0.133594 0.28281275 0.039062 0.0375
1 0.016406 0.2234375 0.029687 0.034374749999999996
1 0.019531 0.2554685 0.035937 0.0328125
1 0.01875 0.28593725000000003 0.03125 0.028125
