1 0.15 0.8101565000000001 0.090625 0.08281275
1 0.157812 0.719531 0.084375 0.08281275
1 0.274219 0.76093775 0.085938 0.07812525000000001
1 0.1625 0.6390627500000001 0.084375 0.075
1 0.12265600000000002 0.4109375 0.079687 0.07812525000000001
1 0.128125 0.46093775 0.09375 0.075
2 0.160938 0.55859375 0.09375 0.0796875
2 0.292187 0.509375 0.0875 0.07812525000000001
2 0.283594 0.59609375 0.085938 0.08281275
1 0.269531 0.68046875 0.085938 0.0796875
2 0.885938 0.20234375 0.05 0.05468775
2 0.89375 0.261719 0.053125 0.04843725
2 0.8445310000000001 0.2101565 0.054688 0.04843725
2 0.822656 0.25390625 0.051562 0.04531275
2 0.8195309999999999 0.299219 0.045312 0.04531275
2 0.8585939999999999 0.29140625 0.045312 0.04843725
2 0.864844 0.32968775000000006 0.051562 0.043749750000000004
2 0.8445310000000001 0.34687475 0.045312 0.046875
2 0.057813 0.76874975 0.0375 0.03125025
2 0.064062 0.796094 0.05625 0.0515625
0 0.067969 0.8609375 0.060937 0.028125
