1 0.300781 0.30078125 0.057813 0.0609375
1 0.249219 0.34843775 0.048438 0.05312475
1 0.299219 0.3695315 0.060937 0.057812249999999996
1 0.257812 0.402344 0.05 0.0515625
1 0.294531 0.425 0.064062 0.05625
1 0.255469 0.4578125 0.060937 0.059375250000000004
1 0.294531 0.48281224999999994 0.070312 0.065625
0 0.330469 0.5218752500000001 0.032813 0.034374749999999996
0 0.302344 0.541406 0.032813 0.0328125
0 0.328125 0.561719 0.0375 0.0328125
0 0.327344 0.603125 0.057813 0.05000025
0 0.296094 0.6070309999999999 0.051562 0.05468775
