1 0.621875 0.38515625 0.04375 0.0421875
2 0.677344 0.45546875 0.057813 0.05468775
2 0.6 0.46015625 0.053125 0.05468775
2 0.584375 0.52578125 0.0625 0.05468775
2 0.663281 0.50703125 0.060937 0.0515625
2 0.664844 0.552344 0.060937 0.057812249999999996
2 0.586719 0.5742185 0.057813 0.05468775
2 0.601562 0.64765625 0.059375 0.057812249999999996
0 0.64375 0.6210935 0.034375 0.0328125
1 0.135156 0.20859350000000002 0.026561999999999995 0.0234375
1 0.135937 0.1726565 0.028125 0.0234375
1 0.086719 0.18125 0.029687 0.03125025
1 0.094531 0.22890649999999998 0.035937 0.0328125
