1 0.471094 0.1671875 0.042188 0.05000025
1 0.446094 0.24062524999999998 0.048438 0.046875
1 0.45625 0.2890625 0.059375 0.05312475
1 0.435156 0.3359375 0.054688 0.05625
1 0.458594 0.35234375 0.042188 0.0421875
1 0.41718700000000003 0.396875 0.059375 0.059375250000000004
1 0.43281200000000003 0.43203125 0.065625 0.06406275
1 0.386719 0.48281224999999994 0.070312 0.065625
1 0.385156 0.54453125 0.070312 0.0609375
2 0.541406 0.35078149999999997 0.029687 0.0328125
2 0.578906 0.392969 0.035937 0.0421875
2 0.523438 0.40000025000000006 0.04375 0.043749750000000004
2 0.511719 0.43671875 0.051562 0.04843725
2 0.50625 0.48359375 0.046875 0.04531275
2 0.56875 0.428906 0.0375 0.0328125
2 0.560156 0.47500025 0.039062 0.046875
1 0.520312 0.51562475 0.028125 0.03125025
1 0.55 0.53906225 0.03125 0.03125025
0 0.546875 0.571094 0.025 0.026562749999999996
2 0.502344 0.5570315000000001 0.042188 0.04531275
2 0.501563 0.59609375 0.034375 0.0328125
2 0.501563 0.640625 0.040625 0.046875
1 0.5375 0.6273440000000001 0.046875 0.04531275
1 0.974219 0.228125 0.048438 0.046875
1 0.95625 0.27187475 0.05 0.05000025
1 0.9523439999999999 0.32031275 0.057813 0.046875
1 0.978906 0.3453125 0.042188 0.059375250000000004
