2 0.159375 0.2796875 0.075 0.065625
1 0.253125 0.32734399999999997 0.04375 0.04531275
1 0.190625 0.3640625 0.040625 0.043749750000000004
2 0.257031 0.4054685 0.057813 0.0515625
2 0.197656 0.44140625 0.048438 0.04843725
1 0.208594 0.5015622499999999 0.039062 0.04062525
1 0.272656 0.44999975000000003 0.035937 0.034374749999999996
1 0.267188 0.5140625 0.046875 0.04062525
2 0.203125 0.5554685 0.0625 0.057812249999999996
2 0.271094 0.5703125 0.057813 0.05000025
2 0.215625 0.6078125 0.05625 0.05312475
0 0.275781 0.6125 0.032813 0.03125025
0 0.227344 0.646094 0.032813 0.035937750000000004
0 0.28125 0.646094 0.03125 0.0328125
0 0.285156 0.6882815 0.051562 0.04531275
0 0.23203100000000002 0.68515625 0.032813 0.02968725
0 0.244531 0.7164065 0.054688 0.0515625
0 0.920312 0.58593725 0.034375 0.0375
0 0.9195309999999999 0.64375025 0.039062 0.0375
0 0.951562 0.60937475 0.040625 0.034374749999999996
0 0.947656 0.6507815000000001 0.035937 0.0328125
0 0.965625 0.702344 0.053125 0.0515625
0 0.895312 0.6890622499999999 0.053125 0.05625
0 0.892188 0.72187475 0.053125 0.059375250000000004
1 0.910937 0.5453127500000001 0.05625 0.05000025
1 0.903125 0.49375025000000006 0.065625 0.06249975
1 0.9242190000000001 0.42656225000000003 0.042188 0.0375
1 0.9195309999999999 0.37109375 0.042188 0.0421875
1 0.951562 0.44687525000000006 0.040625 0.0375
1 0.946875 0.3960935 0.040625 0.03906225
0 0.69375 0.224219 0.05 0.06406275
0 0.678125 0.18515600000000002 0.025 0.0515625
0 0.652344 0.1484375 0.054688 0.043749750000000004
