1 0.210938 0.284375 0.04375 0.04062525
1 0.536719 0.23828149999999998 0.032813 0.035937750000000004
1 0.582812 0.24531275 0.03125 0.0375
2 0.53125 0.31015625 0.046875 0.04531275
2 0.585938 0.29999975 0.046875 0.043749750000000004
2 0.590625 0.35312525000000006 0.05 0.046875
2 0.527344 0.37421899999999997 0.057813 0.05468775
2 0.592969 0.40390625 0.051562 0.04843725
2 0.520312 0.4296875 0.046875 0.046875
2 0.561719 0.44453149999999997 0.048438 0.0515625
2 0.577344 0.49765625 0.051562 0.0515625
2 0.508594 0.46953125 0.054688 0.0515625
2 0.522656 0.5179685 0.057813 0.057812249999999996
1 0.504687 0.561719 0.053125 0.0515625
1 0.560937 0.5453127500000001 0.05625 0.046875
1 0.039844 0.734375 0.039062 0.04062525
1 0.025781 0.7710934999999999 0.042188 0.03906225
1 0.066406 0.771875 0.045312 0.043749750000000004
1 0.022656 0.8054690000000001 0.042188 0.0421875
1 0.1875 0.62890625 0.0375 0.0328125
