0 0.080469 0.196094 0.073438 0.07656225
1 0.149219 0.35624975000000003 0.070312 0.06875025
1 0.274219 0.33281225000000003 0.054688 0.05625
1 0.144531 0.46406225 0.070312 0.059375250000000004
1 0.261719 0.44609375 0.079687 0.06718725
1 0.24609399999999998 0.53437475 0.070312 0.065625
1 0.117188 0.571094 0.090625 0.07656225
1 0.11953100000000001 0.65703125 0.092188 0.0796875
1 0.244531 0.6210935 0.082812 0.0796875
1 0.22109399999999998 0.7054685 0.082812 0.0796875
1 0.211719 0.77343725 0.085938 0.075
1 0.1125 0.7390625 0.0875 0.084375
1 0.1 0.8109372499999999 0.084375 0.084375
0 0.194531 0.8453127500000001 0.064062 0.05625
0 0.171094 0.16484375 0.089063 0.07656225
1 0.027344 0.82031225 0.051562 0.07812525000000001
1 0.050781 0.57812525 0.035937 0.0375
1 0.039844 0.552344 0.029687 0.0328125
1 0.038281 0.522656 0.032813 0.03906225
1 0.067187 0.5007815 0.03125 0.035937750000000004
1 0.071094 0.5328125 0.032813 0.03125025
