0 0.167187 0.32734399999999997 0.04375 0.03906225
0 0.139844 0.39453125 0.064062 0.06718725
0 0.257812 0.4015625 0.065625 0.05625
0 0.228906 0.45937474999999994 0.045312 0.04062525
0 0.129688 0.48515600000000003 0.075 0.0609375
0 0.121875 0.550781 0.059375 0.04843725
0 0.110937 0.589844 0.071875 0.05468775
0 0.228906 0.51718775 0.067187 0.059375250000000004
0 0.20546899999999998 0.584375 0.064062 0.059375250000000004
0 0.172656 0.640625 0.060937 0.059375250000000004
0 0.104688 0.6492185 0.059375 0.05468775
