2 0.498437 0.30156275 0.05 0.05000025
2 0.573438 0.34765625 0.053125 0.0515625
2 0.498437 0.3875 0.046875 0.05000025
2 0.564063 0.40859375 0.053125 0.0515625
2 0.496094 0.44218775 0.051562 0.05000025
2 0.565625 0.46562525 0.059375 0.05000025
2 0.486719 0.49140649999999997 0.051562 0.04843725
2 0.561719 0.52109375 0.054688 0.04531275
2 0.539062 0.5570315000000001 0.05 0.04843725
2 0.491406 0.5453127500000001 0.054688 0.05000025
2 0.290625 0.59999975 0.0375 0.028125
2 0.301563 0.63125 0.034375 0.028125
2 0.3125 0.66171875 0.034375 0.03906225
2 0.307031 0.69843725 0.039062 0.0375
