0 0.071094 0.18281225 0.042188 0.04062525
0 0.033594 0.24062524999999998 0.054688 0.059375250000000004
0 0.085938 0.228125 0.059375 0.05625
0 0.299219 0.56249975 0.048438 0.043749750000000004
0 0.342969 0.56328125 0.039062 0.0421875
0 0.277344 0.5515625 0.045312 0.04062525
0 0.360938 0.55781225 0.0375 0.043749750000000004
0 0.321875 0.48281224999999994 0.03125 0.034374749999999996
0 0.347656 0.48828125 0.035937 0.035937750000000004
0 0.325781 0.43124975 0.023438 0.02499975
0 0.328906 0.40625 0.023438 0.03125025
1 0.336719 0.383594 0.026561999999999995 0.0328125
1 0.383594 0.33359375 0.023438 0.02968725
1 0.314844 0.33906274999999997 0.032813 0.03125025
1 0.342187 0.35 0.028125 0.028125
0 0.307812 0.3695315 0.021875 0.026562749999999996
0 0.299219 0.496094 0.026561999999999995 0.026562749999999996
1 0.391406 0.3734375 0.042188 0.0375
1 0.385937 0.41484350000000003 0.04375 0.03906225
1 0.365625 0.44609375 0.040625 0.0421875
1 0.9289059999999999 0.18828125 0.054688 0.0515625
1 0.894531 0.22499975 0.032813 0.034374749999999996
1 0.941406 0.23515625 0.039062 0.0328125
1 0.8992190000000001 0.278906 0.029687 0.02968725
1 0.941406 0.29609375 0.048438 0.04531275
1 0.951562 0.35078149999999997 0.046875 0.0421875
1 0.9445309999999999 0.38906224999999994 0.045312 0.05000025
1 0.890625 0.32500025 0.046875 0.046875
1 0.895312 0.378125 0.046875 0.046875
1 0.8914060000000001 0.430469 0.057813 0.04843725
