0 0.022656 0.45156275 0.042188 0.059375250000000004
0 0.6125 0.6132815 0.03125 0.02968725
0 0.553125 0.63281225 0.028125 0.034374749999999996
0 0.55625 0.702344 0.040625 0.03906225
0 0.610938 0.67499975 0.0375 0.034374749999999996
0 0.617188 0.730469 0.046875 0.04531275
0 0.633594 0.78125 0.054688 0.05000025
0 0.557031 0.8101565000000001 0.051562 0.05468775
0 0.580469 0.8421875 0.054688 0.05312475
0 0.623437 0.8476565 0.05 0.05468775
0 0.920312 0.15234350000000002 0.040625 0.04531275
0 0.959375 0.15156275 0.04375 0.04062525
0 0.928125 0.19140649999999998 0.04375 0.04531275
0 0.960938 0.2046875 0.053125 0.05000025
0 0.945312 0.23906225 0.05 0.05000025
0 0.974219 0.3117185 0.048438 0.04531275
1 0.530469 0.410156 0.048438 0.04531275
1 0.5375 0.48749975 0.053125 0.043749750000000004
1 0.539844 0.54374975 0.054688 0.05312475
1 0.55 0.59687525 0.05 0.05312475
1 0.613281 0.51093725 0.048438 0.05000025
1 0.614062 0.569531 0.05 0.05468775
1 0.300781 0.8265627500000001 0.042188 0.034374749999999996
1 0.246875 0.8484372499999999 0.0375 0.034374749999999996
1 0.24531200000000003 0.79843775 0.034375 0.0375
