1 0.24765600000000002 0.4335935 0.067187 0.0609375
1 0.357812 0.42734375 0.06875 0.057812249999999996
1 0.340625 0.477344 0.06875 0.057812249999999996
1 0.228906 0.4992185 0.073438 0.06406275
0 0.303906 0.53984375 0.042188 0.04843725
0 0.208594 0.56249975 0.048438 0.043749750000000004
0 0.286719 0.61015625 0.064062 0.0609375
0 0.196094 0.62968775 0.054688 0.043749750000000004
0 0.277344 0.67187525 0.051562 0.043749750000000004
0 0.188281 0.6859377500000001 0.060937 0.059375250000000004
0 0.273438 0.71718725 0.05 0.046875
0 0.217969 0.7679690000000001 0.070312 0.06406275
0 0.277344 0.75078125 0.060937 0.06406275
2 0.092188 0.69453125 0.0625 0.05468775
2 0.1125 0.775781 0.05625 0.04843725
2 0.10234400000000002 0.738281 0.051562 0.04531275
1 0.48906299999999997 0.78125 0.034375 0.034374749999999996
1 0.49375 0.8265627500000001 0.0375 0.0375
2 0.475781 0.8546877500000001 0.042188 0.04062525
2 0.523438 0.84921875 0.034375 0.03906225
2 0.578125 0.7578125 0.021875 0.02187525
2 0.5375 0.7726565 0.028125 0.0328125
2 0.558594 0.78906275 0.032813 0.03125025
2 0.550781 0.8109372499999999 0.035937 0.028125
2 0.566406 0.8460934999999999 0.029687 0.02968725
2 0.878125 0.8507809999999999 0.0375 0.035937750000000004
2 0.869531 0.8156247499999999 0.035937 0.034374749999999996
