1 0.278125 0.21171875 0.059375 0.0609375
1 0.355469 0.2367185 0.064062 0.057812249999999996
1 0.282031 0.28203125 0.064062 0.06718725
0 0.346875 0.29140625 0.04375 0.04531275
0 0.291406 0.335156 0.045312 0.0421875
0 0.296875 0.396875 0.046875 0.034374749999999996
0 0.360156 0.3585935 0.042188 0.04531275
0 0.382031 0.39531275 0.039062 0.0375
0 0.5375 0.5484372499999999 0.053125 0.05000025
0 0.607031 0.56328125 0.057813 0.05468775
0 0.610938 0.6210935 0.05625 0.0609375
0 0.544531 0.62421875 0.054688 0.057812249999999996
2 0.608594 0.45156275 0.060937 0.06249975
2 0.538281 0.4859375 0.060937 0.05625
0 0.534375 0.66718775 0.04375 0.04062525
0 0.574219 0.7359372499999999 0.051562 0.05312475
0 0.566406 0.7710934999999999 0.051562 0.04843725
0 0.535156 0.72656225 0.035937 0.0375
0 0.529687 0.7632815 0.053125 0.04843725
