2 0.677344 0.28046899999999997 0.067187 0.06718725
2 0.636719 0.34765625 0.054688 0.06406275
1 0.5875 0.35234375 0.034375 0.03906225
1 0.635938 0.40859375 0.03125 0.03906225
1 0.567187 0.4070315 0.034375 0.03906225
1 0.616406 0.45859400000000006 0.045312 0.04531275
1 0.5375 0.457031 0.053125 0.0515625
1 0.585156 0.49140649999999997 0.045312 0.04843725
1 0.529687 0.505469 0.05625 0.05468775
1 0.58125 0.5460935 0.053125 0.057812249999999996
1 0.535937 0.5570315000000001 0.053125 0.057812249999999996
2 0.027344 0.33437525 0.051562 0.07812525000000001
2 0.024219 0.44140625 0.045312 0.07343775
2 0.108594 0.39921875 0.032813 0.035937750000000004
1 0.073438 0.3695315 0.03125 0.026562749999999996
2 0.595313 0.3078125 0.046875 0.05312475
