1 0.060937 0.19296875 0.053125 0.04843725
1 0.082812 0.18125 0.046875 0.05000025
1 0.596094 0.17421875 0.048438 0.0515625
2 0.578906 0.28281275 0.057813 0.05625
2 0.5625 0.34687475 0.053125 0.05625
2 0.64375 0.336719 0.059375 0.0515625
1 0.652344 0.28671875 0.051562 0.057812249999999996
1 0.55625 0.402344 0.053125 0.05468775
1 0.622656 0.38593774999999997 0.057813 0.05312475
1 0.545312 0.4539065 0.053125 0.0515625
1 0.610938 0.43203125 0.053125 0.04843725
1 0.607031 0.48281224999999994 0.057813 0.05312475
1 0.544531 0.505469 0.057813 0.0515625
0 0.550781 0.56718725 0.032813 0.028125
0 0.580469 0.58671875 0.051562 0.057812249999999996
1 0.25625 0.584375 0.040625 0.0375
1 0.23125 0.64765625 0.04375 0.0421875
1 0.310156 0.6359375 0.045312 0.046875
1 0.297656 0.6859377500000001 0.054688 0.046875
1 0.296094 0.74062475 0.051562 0.05312475
1 0.272656 0.771875 0.054688 0.05312475
1 0.280469 0.82031225 0.051562 0.05625
1 0.225781 0.711719 0.054688 0.04843725
1 0.21875 0.76015625 0.059375 0.0515625
1 0.22109399999999998 0.78749975 0.048438 0.043749750000000004
1 0.11484399999999999 0.5742185 0.039062 0.03906225
1 0.089063 0.60625025 0.0375 0.034374749999999996
1 0.121094 0.6039065000000001 0.039062 0.03906225
1 0.115625 0.63125 0.040625 0.0375
1 0.082812 0.6398435 0.034375 0.035937750000000004
1 0.078125 0.67109375 0.0375 0.03906225
1 0.114062 0.664844 0.040625 0.0328125
