2 0.595313 0.2703125 0.0625 0.065625
2 0.667969 0.21484399999999998 0.060937 0.0609375
2 0.682813 0.307031 0.0625 0.057812249999999996
2 0.626563 0.31484375 0.04375 0.04531275
2 0.705469 0.3640625 0.042188 0.043749750000000004
2 0.65625 0.39140600000000003 0.0375 0.0421875
1 0.709375 0.42265625 0.0375 0.0421875
1 0.664062 0.4523435 0.04375 0.03906225
1 0.711719 0.48828125 0.042188 0.035937750000000004
0 0.696875 0.54374975 0.034375 0.0375
1 0.647656 0.541406 0.054688 0.05468775
1 0.639844 0.59609375 0.057813 0.0609375
1 0.64375 0.6390627500000001 0.05625 0.065625
1 0.68125 0.603125 0.05625 0.06249975
1 0.8875 0.1539065 0.06875 0.05468775
1 0.817969 0.15078125 0.067187 0.04843725
1 0.847656 0.18828125 0.064062 0.06718725
1 0.9148440000000001 0.2007815 0.070312 0.06718725
1 0.869531 0.23984375 0.057813 0.06406275
