1 0.24375 0.44140625 0.065625 0.06406275
0 0.272656 0.5085934999999999 0.035937 0.0421875
0 0.323437 0.48515600000000003 0.034375 0.0328125
0 0.322656 0.55312475 0.032813 0.0375
0 0.273438 0.5570315000000001 0.0375 0.035937750000000004
0 0.330469 0.60078125 0.032813 0.0328125
0 0.258594 0.62890625 0.035937 0.03906225
0 0.199219 0.6882815 0.060937 0.06406275
0 0.233594 0.6882815 0.035937 0.0328125
0 0.309375 0.6585935 0.034375 0.035937750000000004
0 0.296875 0.6875 0.05625 0.059375250000000004
0 0.25625 0.771875 0.046875 0.05312475
0 0.2125 0.76093775 0.040625 0.043749750000000004
0 0.696094 0.23437475000000002 0.051562 0.05625
0 0.697656 0.17500025 0.035937 0.034374749999999996
