1 0.903125 0.1804685 0.06875 0.06718725
1 0.960938 0.2 0.078125 0.06875025
1 0.8976559999999999 0.2476565 0.076563 0.06718725
1 0.95625 0.26875024999999997 0.084375 0.06249975
0 0.9132809999999999 0.29531225 0.039062 0.04062525
0 0.967187 0.32500025 0.040625 0.04062525
0 0.904687 0.363281 0.040625 0.0421875
0 0.560156 0.2476565 0.054688 0.057812249999999996
0 0.530469 0.2554685 0.029687 0.02968725
0 0.410156 0.43593724999999994 0.032813 0.03125025
0 0.396094 0.47500025 0.029687 0.028125
0 0.40546899999999997 0.522656 0.032813 0.035937750000000004
0 0.413281 0.57343775 0.029687 0.0375
0 0.396094 0.58750025 0.035937 0.0375
0 0.382031 0.6226565 0.029687 0.0421875
0 0.41093799999999997 0.62890625 0.040625 0.04531275
0 0.40156200000000003 0.6734375 0.05 0.05000025
0 0.360938 0.682031 0.04375 0.05468775
1 0.22343799999999997 0.66875 0.0625 0.06249975
1 0.309375 0.6125 0.04375 0.043749750000000004
1 0.30625 0.682031 0.071875 0.0703125
1 0.301563 0.739844 0.078125 0.0703125
1 0.280469 0.8039059999999999 0.064062 0.0703125
1 0.213281 0.78437525 0.070312 0.065625
1 0.203906 0.72812525 0.070312 0.06875025
2 0.22968700000000003 0.588281 0.0625 0.0609375
2 0.21406200000000003 0.524219 0.0875 0.08281275
2 0.310937 0.477344 0.08125 0.07656225
2 0.301563 0.55937525 0.078125 0.065625
1 0.359375 0.42343775000000006 0.05 0.046875
1 0.334375 0.36718775 0.053125 0.046875
1 0.380469 0.39453125 0.048438 0.04843725
