1 0.314844 0.40468775 0.054688 0.059375250000000004
1 0.392969 0.38593774999999997 0.042188 0.043749750000000004
1 0.369531 0.45468725 0.054688 0.05625
1 0.285938 0.48515600000000003 0.0625 0.0609375
1 0.336719 0.51093725 0.064062 0.065625
1 0.274219 0.541406 0.064062 0.057812249999999996
1 0.28125 0.597656 0.065625 0.06406275
1 0.333594 0.57343775 0.067187 0.06249975
1 0.335156 0.6320315 0.064062 0.06406275
1 0.35 0.67187525 0.0625 0.059375250000000004
1 0.284375 0.64765625 0.0625 0.057812249999999996
0 0.329688 0.702344 0.059375 0.057812249999999996
1 0.767188 0.194531 0.053125 0.04843725
1 0.774219 0.14687524999999998 0.048438 0.04062525
1 0.73125 0.1726565 0.040625 0.04843725
0 0.724219 0.2273435 0.045312 0.04843725
0 0.761719 0.24062524999999998 0.032813 0.034374749999999996
0 0.755469 0.27265625 0.032813 0.0328125
0 0.746094 0.30625025 0.035937 0.034374749999999996
0 0.7125 0.31484375 0.034375 0.0421875
0 0.728906 0.26249975000000003 0.029687 0.03125025
2 0.9039059999999999 0.15468725 0.067187 0.05625
1 0.96875 0.1539065 0.04375 0.04531275
1 0.9507809999999999 0.19765625 0.039062 0.0421875
1 0.9835939999999999 0.23437475000000002 0.032813 0.043749750000000004
1 0.978125 0.29999975 0.034375 0.043749750000000004
1 0.953125 0.33046849999999994 0.040625 0.035937750000000004
1 0.9601559999999999 0.36796850000000003 0.042188 0.03906225
1 0.9460940000000001 0.43828100000000003 0.060937 0.057812249999999996
1 0.873437 0.4484375 0.053125 0.059375250000000004
1 0.8773440000000001 0.5007815 0.060937 0.0609375
1 0.804688 0.3585935 0.03125 0.0328125
1 0.771094 0.336719 0.032813 0.0328125
