1 0.6125 0.19140649999999998 0.046875 0.0515625
1 0.667188 0.16562525 0.046875 0.05000025
0 0.664062 0.209375 0.03125 0.03125025
0 0.615625 0.228125 0.028125 0.028125
0 0.671094 0.2476565 0.026561999999999995 0.035937750000000004
0 0.626563 0.288281 0.046875 0.0515625
0 0.65 0.321875 0.04375 0.05000025
0 0.694531 0.31562524999999997 0.042188 0.05312475
2 0.478125 0.49765625 0.05625 0.057812249999999996
2 0.535156 0.52578125 0.054688 0.05468775
2 0.48125 0.56249975 0.05625 0.05312475
2 0.528125 0.57734375 0.053125 0.04843725
2 0.538281 0.62968775 0.051562 0.046875
1 0.490625 0.61093775 0.03125 0.03125025
1 0.49375 0.66640625 0.034375 0.02968725
0 0.49531200000000003 0.70390625 0.028125 0.02968725
0 0.545312 0.70468775 0.03125 0.03125025
0 0.503906 0.738281 0.029687 0.0328125
1 0.544531 0.74140625 0.045312 0.0421875
1 0.498437 0.7632815 0.04375 0.03906225
0 0.534375 0.77343725 0.025 0.03125025
2 0.975 0.728906 0.05 0.04843725
2 0.9242190000000001 0.753125 0.051562 0.046875
