1 0.542969 0.48437525 0.026561999999999995 0.028125
1 0.51875 0.5203122499999999 0.03125 0.03125025
1 0.54375 0.5328125 0.034375 0.034374749999999996
1 0.520312 0.5554685 0.0375 0.0328125
1 0.547656 0.57265625 0.032813 0.0328125
1 0.524219 0.588281 0.032813 0.035937750000000004
1 0.519531 0.63125 0.035937 0.0375
1 0.552344 0.6187497499999999 0.039062 0.04062525
1 0.539844 0.65781275 0.042188 0.0375
0 0.55625 0.711719 0.021875 0.026562749999999996
0 0.546094 0.7390625 0.020313 0.02499975
0 0.566406 0.74062475 0.023438 0.02499975
0 0.567969 0.7679690000000001 0.039062 0.0328125
0 0.651563 0.29609375 0.034375 0.03906225
0 0.68125 0.30390649999999997 0.034375 0.035937750000000004
0 0.698438 0.2835935 0.0375 0.0328125
0 0.691406 0.25625 0.026561999999999995 0.03125025
0 0.641406 0.27187475 0.032813 0.03125025
0 0.646875 0.24843725 0.021875 0.02187525
0 0.651563 0.22265600000000002 0.025 0.0234375
0 0.690625 0.22578125 0.021875 0.0234375
0 0.646875 0.18125 0.021875 0.02187525
0 0.685156 0.19218725 0.020313 0.01875
0 0.68125 0.1539065 0.021875 0.0234375
1 0.9304690000000001 0.36875 0.029687 0.03125025
1 0.925781 0.41796875 0.035937 0.0421875
1 0.926562 0.449219 0.025 0.02968725
1 0.910937 0.4859375 0.040625 0.034374749999999996
0 0.9304690000000001 0.51171875 0.026561999999999995 0.0234375
0 0.914062 0.57343775 0.0375 0.03125025
0 0.926562 0.597656 0.0375 0.035937750000000004
0 0.958594 0.5835934999999999 0.042188 0.0328125
0 0.9289059999999999 0.5421875 0.026561999999999995 0.02187525
0 0.9617190000000001 0.5554685 0.020313 0.0234375
