1 0.127344 0.2703125 0.082812 0.08124975
1 0.125781 0.34296875 0.076563 0.07656225
1 0.195312 0.30078125 0.0875 0.08593724999999999
1 0.22265600000000002 0.382031 0.076563 0.0703125
1 0.23046899999999998 0.45625024999999997 0.079687 0.075
1 0.233594 0.53046875 0.076563 0.07343775
0 0.155469 0.40078099999999994 0.048438 0.04843725
0 0.160938 0.49140649999999997 0.046875 0.04843725
0 0.173437 0.5718747499999999 0.053125 0.05000025
0 0.253906 0.58750025 0.051562 0.05000025
0 0.190625 0.63359375 0.05 0.04531275
0 0.249219 0.65312525 0.054688 0.05625
0 0.159375 0.7109375 0.08125 0.07187475
0 0.235156 0.7148435 0.070312 0.0703125
2 0.036719 0.62812475 0.039062 0.04062525
2 0.0375 0.66640625 0.040625 0.035937750000000004
2 0.033594 0.7070315 0.042188 0.035937750000000004
0 0.020313 0.76093775 0.0375 0.03125025
0 0.017969 0.728906 0.023438 0.026562749999999996
0 0.867188 0.1429685 0.034375 0.0328125
0 0.9375 0.15234350000000002 0.046875 0.035937750000000004
0 0.873437 0.18359375 0.04375 0.03906225
0 0.932031 0.18749975000000002 0.035937 0.034374749999999996
0 0.932813 0.23515625 0.046875 0.0421875
0 0.885156 0.26328125 0.042188 0.04531275
1 0.976562 0.31406225 0.04375 0.043749750000000004
0 0.9085940000000001 0.392969 0.035937 0.035937750000000004
0 0.9445309999999999 0.39765649999999997 0.039062 0.035937750000000004
0 0.9242190000000001 0.42812525 0.035937 0.034374749999999996
1 0.8445310000000001 0.78125 0.048438 0.043749750000000004
1 0.839844 0.8367184999999999 0.039062 0.03906225
1 0.85625 0.715625 0.028125 0.028125
1 0.80625 0.7390625 0.0375 0.0375
