2 0.585156 0.4625 0.051562 0.05000025
2 0.521094 0.4859375 0.048438 0.05000025
2 0.53125 0.53906225 0.046875 0.046875
2 0.582812 0.5140625 0.053125 0.043749750000000004
2 0.582031 0.56249975 0.045312 0.043749750000000004
2 0.532031 0.578906 0.048438 0.0421875
2 0.539062 0.60937475 0.03125 0.028125
2 0.584375 0.589844 0.028125 0.026562749999999996
1 0.594531 0.663281 0.029687 0.026562749999999996
1 0.541406 0.65624975 0.035937 0.0375
1 0.547656 0.69453125 0.032813 0.035937750000000004
1 0.560937 0.730469 0.04375 0.0421875
0 0.59375 0.73671875 0.025 0.0328125
0 0.6 0.69843725 0.03125 0.03125025
0 0.585938 0.6265625 0.028125 0.028125
0 0.714063 0.157031 0.046875 0.0421875
0 0.735156 0.18906275 0.045312 0.0375
0 0.709375 0.19687475000000002 0.05 0.046875
0 0.735938 0.21250025 0.059375 0.05625
0 0.727344 0.39453125 0.032813 0.02968725
0 0.73125 0.449219 0.028125 0.02968725
0 0.734375 0.471875 0.03125 0.028125
0 0.735938 0.50234375 0.025 0.02968725
0 0.764844 0.4523435 0.029687 0.026562749999999996
0 0.769531 0.48281224999999994 0.029687 0.03125025
