2 0.289062 0.3734375 0.05 0.05312475
2 0.282813 0.4257815 0.046875 0.04843725
2 0.349219 0.38984375 0.051562 0.0515625
2 0.350781 0.44453149999999997 0.051562 0.04843725
2 0.35 0.48828125 0.04375 0.04531275
2 0.270313 0.49296875 0.059375 0.05468775
1 0.259375 0.5484372499999999 0.04375 0.043749750000000004
1 0.244531 0.603125 0.060937 0.059375250000000004
1 0.319531 0.5851565 0.054688 0.0515625
0 0.3375 0.5367184999999999 0.03125 0.0328125
0 0.30625 0.62812475 0.0375 0.0375
0 0.265625 0.63828125 0.0375 0.0328125
1 0.978125 0.68125025 0.04375 0.05625
