1 0.158594 0.171875 0.051562 0.05000025
1 0.1375 0.27812525 0.05625 0.05312475
1 0.19375 0.29765600000000003 0.05 0.0515625
1 0.108594 0.32890625 0.054688 0.0515625
1 0.132812 0.3546875 0.059375 0.05625
1 0.202344 0.37968725000000003 0.064062 0.05312475
1 0.121094 0.40937524999999997 0.057813 0.059375250000000004
1 0.095312 0.4578125 0.06875 0.059375250000000004
1 0.190625 0.43671875 0.065625 0.0609375
1 0.1625 0.48828125 0.065625 0.0609375
1 0.123438 0.51171875 0.0625 0.0609375
1 0.139063 0.55937525 0.059375 0.05625
1 0.185938 0.5382815 0.0625 0.0609375
1 0.767969 0.34296875 0.032813 0.03906225
1 0.754687 0.3921875 0.0375 0.034374749999999996
1 0.757031 0.43515650000000006 0.035937 0.035937750000000004
1 0.802344 0.38593774999999997 0.035937 0.03125025
1 0.800781 0.4257815 0.032813 0.02968725
1 0.804688 0.45546875 0.034375 0.0328125
1 0.794531 0.48437525 0.035937 0.034374749999999996
1 0.788281 0.5179685 0.032813 0.03906225
1 0.765625 0.47109349999999994 0.040625 0.0328125
1 0.757812 0.49687475000000003 0.028125 0.034374749999999996
1 0.842187 0.7007809999999999 0.028125 0.026562749999999996
1 0.835938 0.725 0.025 0.02187525
1 0.864844 0.711719 0.020313 0.0234375
1 0.8625 0.73671875 0.025 0.0234375
1 0.8351559999999999 0.7539065 0.023438 0.026562749999999996
1 0.832812 0.7828122499999999 0.025 0.02499975
1 0.823438 0.8140625 0.0375 0.034374749999999996
1 0.86875 0.77031275 0.021875 0.02499975
1 0.884375 0.7992185 0.034375 0.03906225
1 0.023438 0.79765625 0.04375 0.0515625
1 0.020313 0.7257815 0.0375 0.0421875
2 0.01875 0.66640625 0.034375 0.0515625
