1 0.280469 0.457031 0.048438 0.04843725
1 0.282813 0.51562475 0.05 0.05000025
1 0.278125 0.578906 0.05 0.04531275
1 0.274219 0.646094 0.054688 0.0515625
1 0.339844 0.60625025 0.051562 0.043749750000000004
1 0.345313 0.55468775 0.05 0.046875
1 0.353906 0.49218725 0.039062 0.043749750000000004
1 0.374219 0.42265625 0.045312 0.03906225
2 0.461719 0.6507815000000001 0.057813 0.05468775
2 0.517969 0.646094 0.051562 0.0515625
2 0.454688 0.69921875 0.05625 0.05468775
2 0.510156 0.6976565000000001 0.051562 0.05468775
2 0.449219 0.74687525 0.051562 0.05312475
2 0.457031 0.7898435 0.039062 0.0421875
2 0.494531 0.777344 0.039062 0.035937750000000004
1 0.509375 0.734375 0.028125 0.028125
