1 0.383594 0.2 0.054688 0.05625
1 0.360938 0.23046875 0.05625 0.05468775
1 0.392188 0.30078125 0.059375 0.057812249999999996
2 0.349219 0.32890625 0.048438 0.04843725
1 0.392188 0.3546875 0.059375 0.05625
2 0.323437 0.37656275000000006 0.05625 0.05625
1 0.372656 0.4015625 0.054688 0.05312475
1 0.363281 0.45156275 0.054688 0.05625
1 0.365625 0.5031252500000001 0.059375 0.05312475
1 0.311719 0.425 0.051562 0.05312475
1 0.298438 0.471875 0.0625 0.05000025
0 0.297656 0.51250025 0.042188 0.0375
0 0.2875 0.5476565 0.053125 0.05468775
0 0.321875 0.578906 0.05 0.057812249999999996
0 0.359375 0.55000025 0.059375 0.05000025
1 0.9710940000000001 0.475781 0.042188 0.035937750000000004
1 0.9679689999999999 0.419531 0.032813 0.02968725
2 0.963281 0.5335940000000001 0.048438 0.04843725
2 0.94375 0.5757815 0.04375 0.035937750000000004
2 0.9226560000000001 0.60546875 0.054688 0.04531275
2 0.926562 0.64687475 0.05 0.046875
1 0.925781 0.6875 0.045312 0.043749750000000004
1 0.970313 0.67656275 0.053125 0.043749750000000004
2 0.033594 0.6398435 0.054688 0.057812249999999996
2 0.025 0.55312475 0.046875 0.05312475
2 0.040625 0.702344 0.053125 0.04531275
2 0.03125 0.758594 0.05 0.04531275
2 0.028125 0.8148440000000001 0.053125 0.04843725
