2 0.564844 0.509375 0.048438 0.043749750000000004
2 0.621094 0.5015622499999999 0.048438 0.05000025
2 0.607812 0.5460935 0.046875 0.0421875
2 0.567187 0.55312475 0.04375 0.043749750000000004
2 0.607031 0.578906 0.042188 0.0421875
0 0.58125 0.60156275 0.025 0.028125
1 0.632031 0.635156 0.035937 0.03906225
1 0.575 0.64375025 0.03125 0.034374749999999996
1 0.571094 0.6789065 0.039062 0.035937750000000004
1 0.626563 0.6742190000000001 0.040625 0.03906225
1 0.607812 0.69921875 0.0375 0.035937750000000004
0 0.925781 0.74531225 0.029687 0.04062525
0 0.979688 0.75546875 0.040625 0.03906225
0 0.932813 0.682031 0.034375 0.0421875
0 0.976562 0.66875 0.040625 0.0375
0 0.978125 0.6320315 0.040625 0.0328125
0 0.925 0.61015625 0.0375 0.035937750000000004
0 0.926562 0.64843775 0.0375 0.028125
2 0.9757809999999999 0.5921877500000001 0.048438 0.04062525
2 0.9835939999999999 0.546875 0.032813 0.043749750000000004
2 0.932031 0.56328125 0.045312 0.0421875
1 0.275 0.44531225 0.034375 0.028125
2 0.251563 0.39374975 0.028125 0.03125025
2 0.265625 0.430469 0.05 0.04531275
