2 0.380469 0.42656225000000003 0.060937 0.059375250000000004
2 0.300781 0.4765625 0.060937 0.059375250000000004
2 0.366406 0.509375 0.060937 0.05625
1 0.323437 0.5249997499999999 0.034375 0.03125025
1 0.389844 0.571094 0.032813 0.026562749999999996
1 0.339062 0.60078125 0.034375 0.0328125
1 0.332813 0.65781275 0.0375 0.0375
1 0.36875 0.7093752500000001 0.05625 0.05625
1 0.382812 0.64375025 0.04375 0.043749750000000004
1 0.322656 0.72343775 0.045312 0.046875
1 0.321875 0.7796877500000001 0.046875 0.05312475
0 0.3625 0.75546875 0.04375 0.0328125
0 0.352344 0.79687475 0.035937 0.046875
1 0.963281 0.69843725 0.048438 0.043749750000000004
0 0.297656 0.1726565 0.054688 0.057812249999999996
