1 0.1875 0.24374975000000002 0.05 0.046875
1 0.183594 0.3226565 0.051562 0.0421875
1 0.252344 0.29140625 0.051562 0.04843725
1 0.240625 0.372656 0.065625 0.0609375
1 0.23046899999999998 0.43828100000000003 0.067187 0.0609375
1 0.210938 0.49218725 0.065625 0.065625
1 0.158594 0.39843725 0.060937 0.05625
1 0.140625 0.45937474999999994 0.0625 0.05312475
1 0.154688 0.5203122499999999 0.059375 0.05312475
1 0.174219 0.588281 0.064062 0.057812249999999996
0 0.239844 0.6023435 0.045312 0.0421875
1 0.326562 0.3171875 0.0375 0.0375
1 0.326562 0.3453125 0.0375 0.03125025
1 0.329688 0.37421899999999997 0.0375 0.0328125
1 0.367188 0.34765625 0.03125 0.0328125
1 0.364063 0.3789065 0.03125 0.035937750000000004
1 0.3625 0.40078099999999994 0.03125 0.035937750000000004
1 0.328906 0.4070315 0.035937 0.0328125
1 0.316406 0.43671875 0.029687 0.0328125
1 0.338281 0.45859400000000006 0.026561999999999995 0.035937750000000004
1 0.347656 0.43515650000000006 0.029687 0.035937750000000004
2 0.941406 0.46093775 0.039062 0.034374749999999996
2 0.9398440000000001 0.503906 0.042188 0.03906225
2 0.95 0.541406 0.046875 0.035937750000000004
2 0.9539060000000001 0.57265625 0.042188 0.03906225
2 0.9460940000000001 0.6070309999999999 0.042188 0.0421875
2 0.9445309999999999 0.63749975 0.032813 0.028125
2 0.9375 0.6625002500000001 0.028125 0.028125
2 0.970313 0.6789065 0.028125 0.02968725
2 0.985938 0.63281225 0.028125 0.04062525
0 0.867188 0.363281 0.03125 0.02968725
0 0.8523440000000001 0.38125025 0.032813 0.03125025
1 0.542188 0.32812475 0.0375 0.0375
0 0.536719 0.41718725 0.029687 0.03125025
1 0.833594 0.17343725000000002 0.035937 0.0375
1 0.853906 0.20312524999999998 0.032813 0.034374749999999996
1 0.829688 0.13828100000000002 0.040625 0.0234375
0 0.524219 0.1484375 0.051562 0.043749750000000004
0 0.25625 0.17578100000000002 0.04375 0.035937750000000004
