2 0.523438 0.47343725000000003 0.053125 0.05625
2 0.614062 0.5476565 0.05 0.0609375
2 0.545312 0.6117185 0.065625 0.0609375
2 0.563281 0.659375 0.060937 0.05625
2 0.609375 0.597656 0.0625 0.05468775
2 0.623437 0.6539059999999999 0.059375 0.057812249999999996
1 0.604688 0.70859375 0.065625 0.0609375
1 0.660937 0.7054685 0.065625 0.0609375
0 0.632031 0.75468725 0.042188 0.046875
0 0.678125 0.757031 0.04375 0.04531275
2 0.548438 0.33437525 0.040625 0.043749750000000004
2 0.500781 0.4164065 0.029687 0.02968725
1 0.488281 0.36796850000000003 0.035937 0.03906225
1 0.574219 0.41406275 0.039062 0.0375
0 0.595313 0.47812475 0.04375 0.0375
0 0.549219 0.5421875 0.032813 0.034374749999999996
0 0.960938 0.23828149999999998 0.065625 0.0609375
