0 0.945312 0.1710935 0.071875 0.07343775
0 0.885938 0.1539065 0.05625 0.05468775
0 0.313281 0.16562525 0.032813 0.03125025
0 0.335938 0.194531 0.040625 0.03906225
0 0.328125 0.14453149999999998 0.040625 0.035937750000000004
2 0.68125 0.28593725000000003 0.034375 0.0375
2 0.663281 0.32343725 0.032813 0.04062525
2 0.698438 0.40000025000000006 0.04375 0.046875
2 0.717969 0.36875 0.054688 0.043749750000000004
2 0.742188 0.42656225000000003 0.046875 0.043749750000000004
2 0.702344 0.46562525 0.051562 0.05312475
2 0.746094 0.48515600000000003 0.042188 0.04843725
2 0.748437 0.5382815 0.053125 0.04531275
2 0.695312 0.5382815 0.059375 0.057812249999999996
2 0.682031 0.59375 0.060937 0.059375250000000004
2 0.683594 0.6304684999999999 0.057813 0.057812249999999996
2 0.751563 0.589844 0.0625 0.057812249999999996
2 0.732812 0.63359375 0.05625 0.057812249999999996
0 0.700781 0.6921875 0.042188 0.046875
0 0.748437 0.68515625 0.0625 0.05468775
