2 0.226562 0.56718725 0.065625 0.059375250000000004
2 0.310937 0.5648435 0.059375 0.057812249999999996
2 0.285938 0.616406 0.0625 0.05468775
2 0.257812 0.6640625 0.0625 0.06249975
2 0.203125 0.62421875 0.065625 0.0609375
0 0.249219 0.70000025 0.032813 0.034374749999999996
0 0.24375 0.7476559999999999 0.03125 0.0328125
0 0.217969 0.775781 0.051562 0.05468775
0 0.160156 0.76093775 0.060937 0.06249975
0 0.958594 0.21562475 0.051562 0.05000025
0 0.9148440000000001 0.29140625 0.035937 0.0328125
0 0.8625 0.3398435 0.053125 0.0609375
1 0.807813 0.6734375 0.0375 0.028125
1 0.799219 0.72812525 0.029687 0.034374749999999996
1 0.816406 0.70859375 0.029687 0.035937750000000004
