1 0.698438 0.33046849999999994 0.0375 0.035937750000000004
1 0.6625 0.3695315 0.040625 0.0421875
1 0.707031 0.396875 0.045312 0.043749750000000004
1 0.66875 0.42109399999999997 0.04375 0.04843725
1 0.707812 0.44453149999999997 0.04375 0.04531275
1 0.667188 0.46796899999999997 0.046875 0.04531275
1 0.658594 0.51640625 0.048438 0.04531275
1 0.703906 0.50703125 0.051562 0.0515625
1 0.683594 0.55468775 0.054688 0.05312475
0 0.697656 0.58671875 0.032813 0.02968725
0 0.670312 0.5921877500000001 0.028125 0.02499975
0 0.698438 0.62031275 0.028125 0.028125
0 0.680469 0.62890625 0.032813 0.02968725
0 0.673438 0.655469 0.028125 0.02968725
0 0.708594 0.66171875 0.029687 0.0234375
0 0.675781 0.68125025 0.035937 0.03125025
0 0.701562 0.6921875 0.05 0.04062525
