2 0.296875 0.3867185 0.065625 0.06718725
2 0.289062 0.46953125 0.071875 0.0609375
2 0.208594 0.4429685 0.067187 0.057812249999999996
2 0.213281 0.5085934999999999 0.067187 0.057812249999999996
2 0.292969 0.52968725 0.064062 0.05312475
1 0.220312 0.55937525 0.046875 0.04062525
1 0.292969 0.57734375 0.048438 0.0421875
1 0.22968700000000003 0.6304684999999999 0.053125 0.04843725
0 0.04375 0.1625 0.034375 0.034374749999999996
0 0.072656 0.14062475000000002 0.039062 0.028125
0 0.079687 0.1953125 0.03125 0.0375
0 0.044531 0.21875 0.032813 0.03125025
0 0.084375 0.23203100000000002 0.0375 0.035937750000000004
0 0.082812 0.27421850000000003 0.04375 0.035937750000000004
0 0.039844 0.29062475 0.048438 0.046875
0 0.08125 0.31874975 0.05 0.043749750000000004
0 0.064844 0.34296875 0.045312 0.0328125
1 0.876563 0.22187525 0.059375 0.05000025
1 0.804688 0.24374975000000002 0.05 0.046875
1 0.859375 0.2945315 0.053125 0.05468775
