1 0.602344 0.64765625 0.057813 0.04843725
1 0.558594 0.63281225 0.048438 0.043749750000000004
1 0.55 0.578906 0.04375 0.04843725
2 0.525 0.36796850000000003 0.05 0.0515625
2 0.603906 0.4109375 0.051562 0.05312475
2 0.532813 0.46874975 0.05 0.046875
2 0.607031 0.48125 0.048438 0.05000025
2 0.599219 0.5421875 0.057813 0.05000025
2 0.540625 0.51875 0.05 0.05000025
1 0.59375 0.5953122499999999 0.05625 0.05000025
1 0.6875 0.7015625 0.046875 0.046875
1 0.720313 0.6656247499999999 0.040625 0.04062525
1 0.042188 0.19140649999999998 0.059375 0.0515625
2 0.03125 0.24843725 0.059375 0.059375250000000004
2 0.028125 0.2945315 0.053125 0.05468775
2 0.771094 0.5140625 0.051562 0.043749750000000004
2 0.783594 0.55937525 0.051562 0.05000025
2 0.8304690000000001 0.532031 0.045312 0.03906225
2 0.171875 0.18515600000000002 0.028125 0.026562749999999996
2 0.18125 0.23828149999999998 0.028125 0.02968725
2 0.174219 0.29687525 0.029687 0.028125
1 0.220312 0.21875 0.034375 0.03125025
1 0.219531 0.25390625 0.026561999999999995 0.026562749999999996
1 0.213281 0.2851565 0.032813 0.026562749999999996
1 0.2125 0.31484375 0.034375 0.026562749999999996
1 0.175 0.32343725 0.034375 0.034374749999999996
1 0.171875 0.36171875 0.03125 0.026562749999999996
1 0.020313 0.35156225 0.0375 0.059375250000000004
1 0.019531 0.4015625 0.035937 0.05000025
0 0.20546899999999998 0.34296875 0.026561999999999995 0.026562749999999996
0 0.2125 0.37031225 0.025 0.02499975
0 0.21406200000000003 0.39765649999999997 0.028125 0.020312249999999997
0 0.186719 0.38515625 0.023438 0.0234375
0 0.188281 0.40781225 0.023438 0.02499975
0 0.2 0.43828100000000003 0.028125 0.026562749999999996
0 0.175 0.453125 0.03125 0.0375
0 0.9835939999999999 0.3125 0.032813 0.065625
2 0.297656 0.44687525000000006 0.023438 0.028125
2 0.264844 0.4953125 0.029687 0.034374749999999996
2 0.270313 0.52578125 0.040625 0.02968725
2 0.314063 0.51250025 0.03125 0.034374749999999996
