1 0.166406 0.571094 0.064062 0.054688
1 0.157812 0.622656 0.071875 0.057813
1 0.240625 0.636719 0.065625 0.070312
1 0.208594 0.689063 0.070312 0.068750
1 0.153125 0.681250 0.065625 0.062500
0 0.071875 0.849219 0.065625 0.051562
0 0.937500 0.578906 0.059375 0.060937
0 0.920312 0.628906 0.059375 0.054688
0 0.949219 0.527344 0.054688 0.051562
2 0.066406 0.233594 0.054688 0.051562
2 0.092188 0.186719 0.056250 0.054688
2 0.121875 0.149219 0.059375 0.045312
2 0.017188 0.350000 0.031250 0.037500
2 0.014063 0.397656 0.025000 0.039062
2 0.009375 0.443750 0.015625 0.037500
1 0.460938 0.163281 0.050000 0.045312
1 0.485156 0.209375 0.039062 0.040625
1 0.510156 0.173437 0.035937 0.034375
1 0.531250 0.153906 0.034375 0.032813
