0 0.492969 0.194531 0.042188 0.0421875
0 0.503125 0.246875 0.046875 0.046875
0 0.497656 0.29999975 0.051562 0.043749750000000004
0 0.480469 0.3453125 0.048438 0.043749750000000004
0 0.4375 0.33828125 0.04375 0.04843725
0 0.463281 0.30625025 0.045312 0.043749750000000004
2 0.763281 0.3921875 0.060937 0.05625
2 0.655469 0.396875 0.054688 0.05625
2 0.633594 0.4429685 0.054688 0.0515625
2 0.717969 0.4429685 0.067187 0.0609375
2 0.603906 0.48281224999999994 0.054688 0.05312475
2 0.657813 0.53437475 0.0625 0.05625
1 0.578125 0.53515625 0.05625 0.0515625
1 0.646094 0.5945315 0.057813 0.057812249999999996
0 0.558594 0.5757815 0.032813 0.02968725
0 0.6125 0.62812475 0.0375 0.0375
0 0.548438 0.63125 0.0375 0.0375
0 0.533594 0.67187525 0.029687 0.02499975
0 0.60625 0.6882815 0.0625 0.057812249999999996
0 0.534375 0.7164065 0.053125 0.05468775
0 0.582812 0.734375 0.04375 0.05000025
0 0.569531 0.757031 0.057813 0.0515625
0 0.286719 0.80234375 0.032813 0.03906225
0 0.265625 0.8289065000000001 0.04375 0.04843725
0 0.239844 0.8453127500000001 0.045312 0.05000025
2 0.507812 0.796094 0.040625 0.0421875
2 0.558594 0.7992185 0.039062 0.04531275
2 0.545312 0.83593775 0.040625 0.04062525
2 0.50625 0.8382815000000001 0.040625 0.0421875
