2 0.757812 0.52578125 0.059375 0.057812249999999996
2 0.829688 0.588281 0.0625 0.06406275
2 0.795312 0.62968775 0.0625 0.065625
2 0.20078100000000002 0.65234375 0.060937 0.057812249999999996
2 0.189062 0.69062525 0.05625 0.05625
2 0.252344 0.68437475 0.048438 0.05000025
2 0.254688 0.72656225 0.05625 0.05000025
2 0.224219 0.76484375 0.054688 0.05468775
2 0.182812 0.7351565 0.05625 0.057812249999999996
2 0.546094 0.17812475 0.051562 0.046875
2 0.450781 0.25390625 0.048438 0.0515625
2 0.488281 0.29609375 0.032813 0.035937750000000004
2 0.748437 0.5718747499999999 0.046875 0.059375250000000004
2 0.742188 0.616406 0.0375 0.05468775
