1 0.130469 0.2 0.054688 0.05000025
1 0.038281 0.2195315 0.054688 0.0609375
1 0.650781 0.4109375 0.039062 0.03125025
1 0.604688 0.45937474999999994 0.05 0.05000025
1 0.665625 0.490625 0.05 0.05000025
1 0.615625 0.52578125 0.053125 0.05468775
1 0.610156 0.58593725 0.057813 0.05625
1 0.613281 0.6414065 0.054688 0.05468775
1 0.667969 0.54921875 0.054688 0.05468775
1 0.667188 0.60468725 0.0625 0.059375250000000004
1 0.667188 0.65624975 0.059375 0.05312475
0 0.68125 0.6976565000000001 0.03125 0.0328125
0 0.626563 0.76874975 0.04375 0.05000025
0 0.688281 0.78359375 0.048438 0.04843725
0 0.642188 0.79843775 0.05 0.05000025
2 0.404687 0.83593775 0.05 0.046875
0 0.842187 0.1765625 0.04375 0.043749750000000004
0 0.8875 0.149219 0.046875 0.04531275
0 0.036719 0.38125025 0.035937 0.04062525
0 0.041406 0.4257815 0.042188 0.035937750000000004
0 0.064844 0.46562525 0.051562 0.05312475
0 0.076563 0.50703125 0.05625 0.04843725
0 0.11953100000000001 0.43750025 0.048438 0.05000025
0 0.345313 0.166406 0.0375 0.0421875
0 0.379688 0.1898435 0.04375 0.035937750000000004
0 0.382031 0.14375 0.039062 0.034374749999999996
0 0.403125 0.17031274999999998 0.0375 0.0375
