2 0.561719 0.44062475 0.054688 0.043749750000000004
2 0.614062 0.42187475 0.046875 0.043749750000000004
2 0.561719 0.496094 0.054688 0.035937750000000004
2 0.617188 0.47968774999999997 0.046875 0.0375
2 0.567969 0.541406 0.051562 0.0421875
2 0.622656 0.5687502500000001 0.035937 0.0375
2 0.558594 0.5796875 0.054688 0.043749750000000004
2 0.605469 0.60937475 0.039062 0.0375
2 0.617188 0.5148440000000001 0.034375 0.0234375
2 0.622656 0.6742190000000001 0.039062 0.03906225
2 0.594531 0.64375025 0.042188 0.034374749999999996
2 0.552344 0.621875 0.045312 0.03125025
2 0.55625 0.655469 0.03125 0.0234375
0 0.578906 0.68984375 0.042188 0.026562749999999996
0 0.649219 0.68984375 0.029687 0.035937750000000004
0 0.610938 0.70859375 0.03125 0.02968725
0 0.959375 0.224219 0.046875 0.057812249999999996
0 0.957031 0.27265625 0.045312 0.04843725
0 0.990625 0.261719 0.01875 0.0421875
