1 0.271875 0.2375 0.05625 0.05000025
1 0.215625 0.25781225 0.04375 0.034374749999999996
1 0.284375 0.288281 0.05 0.04531275
1 0.225 0.33281225000000003 0.053125 0.043749750000000004
1 0.290625 0.34140650000000006 0.05625 0.035937750000000004
0 0.25 0.36718775 0.034375 0.028125
0 0.29375 0.396875 0.040625 0.03125025
0 0.260156 0.42265625 0.042188 0.03906225
0 0.303906 0.4429685 0.039062 0.026562749999999996
0 0.264062 0.4671875 0.028125 0.028125
0 0.305469 0.49140649999999997 0.029687 0.0234375
0 0.261719 0.51640625 0.029687 0.02968725
0 0.310937 0.5234375 0.0375 0.02499975
0 0.303906 0.5609375 0.042188 0.034374749999999996
0 0.255469 0.57812525 0.051562 0.04062525
0 0.300781 0.60625025 0.042188 0.0375
0 0.260156 0.60937475 0.026561999999999995 0.015624750000000001
0 0.275781 0.6320315 0.039062 0.0328125
0 0.988281 0.7015625 0.023438 0.028125
0 0.946875 0.6960935 0.040625 0.035937750000000004
0 0.9851560000000001 0.67109375 0.029687 0.0328125
0 0.9398440000000001 0.6656247499999999 0.039062 0.02187525
0 0.9210939999999999 0.62421875 0.029687 0.026562749999999996
1 0.9226560000000001 0.5 0.054688 0.043749750000000004
1 0.988281 0.46874975 0.023438 0.046875
1 0.98125 0.53046875 0.0375 0.03906225
1 0.9148440000000001 0.546875 0.048438 0.028125
1 0.975 0.5703125 0.05 0.04062525
1 0.91875 0.5890625 0.040625 0.028125
1 0.965625 0.617969 0.04375 0.0421875
