2 0.397656 0.26796875 0.039062 0.0515625
2 0.398438 0.29999975 0.03125 0.028125
2 0.439844 0.34296875 0.026561999999999995 0.0328125
2 0.40156200000000003 0.346094 0.034375 0.04843725
2 0.42968799999999996 0.38125025 0.040625 0.03125025
2 0.382812 0.3921875 0.040625 0.034374749999999996
2 0.408594 0.41718725 0.039062 0.04062525
2 0.394531 0.434375 0.032813 0.034374749999999996
1 0.428125 0.45546875 0.03125 0.0328125
1 0.409375 0.47890625 0.0375 0.04531275
2 0.972656 0.194531 0.039062 0.03906225
2 0.946875 0.2195315 0.021875 0.020312249999999997
2 0.9757809999999999 0.22968725 0.026561999999999995 0.02499975
1 0.93125 0.25078100000000003 0.01875 0.020312249999999997
1 0.923438 0.28281275 0.015625 0.02187525
