2 0.759375 0.46171850000000003 0.0625 0.05468775
2 0.78125 0.532031 0.053125 0.0421875
2 0.826562 0.5382815 0.03125 0.0328125
2 0.235937 0.28203125 0.05 0.0515625
2 0.31875 0.34140650000000006 0.053125 0.0515625
2 0.23828100000000002 0.35624975000000003 0.054688 0.05000025
1 0.23906299999999997 0.46796899999999997 0.053125 0.05468775
0 0.253125 0.40312475000000003 0.0375 0.04062525
0 0.309375 0.3828125 0.0375 0.02499975
0 0.310937 0.43750025 0.03125 0.0375
0 0.310937 0.49296875 0.0375 0.0328125
0 0.242188 0.5335940000000001 0.046875 0.04843725
0 0.313281 0.541406 0.057813 0.04843725
0 0.239844 0.59140625 0.051562 0.0421875
0 0.289062 0.60625025 0.05 0.043749750000000004
2 0.036719 0.5648435 0.048438 0.03906225
2 0.027344 0.6226565 0.042188 0.0421875
