0 0.2125 0.36484400000000006 0.05 0.04843725
0 0.253906 0.37421899999999997 0.032813 0.03906225
0 0.20703100000000002 0.39765649999999997 0.039062 0.0140625
0 0.23125 0.430469 0.040625 0.0421875
0 0.092188 0.4523435 0.034375 0.020312249999999997
0 0.10078099999999998 0.50234375 0.035937 0.026562749999999996
0 0.10625 0.59062475 0.0375 0.028125
0 0.104688 0.61484375 0.034375 0.017187749999999998
0 0.213281 0.26249975000000003 0.026561999999999995 0.02187525
0 0.186719 0.28124975 0.020313 0.01875
0 0.21875 0.30625025 0.021875 0.012500250000000001
0 0.196094 0.3265625 0.020313 0.01875
0 0.951562 0.166406 0.059375 0.057812249999999996
0 0.9617190000000001 0.22265600000000002 0.064062 0.04531275
0 0.678906 0.663281 0.057813 0.035937750000000004
0 0.632031 0.6875 0.039062 0.03125025
0 0.626563 0.6421872499999999 0.046875 0.028125
0 0.678906 0.621875 0.032813 0.02187525
1 0.613281 0.453125 0.048438 0.04062525
1 0.685156 0.43671875 0.042188 0.04531275
1 0.678906 0.4953125 0.054688 0.05000025
2 0.614062 0.509375 0.053125 0.05312475
1 0.621094 0.55468775 0.054688 0.043749750000000004
1 0.679688 0.58593725 0.065625 0.034374749999999996
1 0.623437 0.60625025 0.04375 0.043749750000000004
1 0.196875 0.603125 0.04375 0.0375
1 0.2 0.67109375 0.05 0.0421875
1 0.20078100000000002 0.71328125 0.045312 0.0328125
1 0.048438 0.3078125 0.05 0.043749750000000004
1 0.064062 0.37499975 0.05625 0.0375
1 0.078125 0.415625 0.05 0.034374749999999996
1 0.270313 0.17343725000000002 0.053125 0.05000025
2 0.351562 0.8078127500000001 0.053125 0.05625
2 0.415625 0.846875 0.053125 0.05312475
