1 0.278125 0.402344 0.059375 0.05468775
1 0.066406 0.53125025 0.032813 0.03125025
1 0.033594 0.5046875 0.032813 0.028125
1 0.048438 0.55312475 0.034375 0.028125
1 0.073438 0.58281275 0.0375 0.04062525
1 0.083594 0.6156252500000001 0.048438 0.043749750000000004
1 0.076563 0.663281 0.053125 0.04843725
1 0.053905999999999996 0.68125025 0.045312 0.05000025
0 0.10390600000000001 0.753125 0.042188 0.04062525
0 0.069531 0.766406 0.045312 0.03906225
0 0.067187 0.80703125 0.05 0.0421875
0 0.096875 0.79375025 0.040625 0.043749750000000004
0 0.288281 0.44609375 0.039062 0.035937750000000004
0 0.346875 0.46562525 0.040625 0.034374749999999996
0 0.178906 0.233594 0.054688 0.05468775
0 0.220312 0.22031225000000002 0.05625 0.05312475
0 0.142187 0.2 0.059375 0.059375250000000004
0 0.202344 0.18359375 0.057813 0.05468775
0 0.139844 0.1671875 0.060937 0.059375250000000004
2 0.350781 0.37734349999999994 0.051562 0.057812249999999996
2 0.347656 0.42656225000000003 0.054688 0.05000025
0 0.275781 0.5007815 0.032813 0.02968725
0 0.342187 0.5382815 0.040625 0.035937750000000004
0 0.350781 0.5953122499999999 0.048438 0.043749750000000004
0 0.28125 0.58203125 0.053125 0.04843725
0 0.289844 0.6226565 0.048438 0.05468775
0 0.3 0.66875 0.053125 0.046875
0 0.365625 0.65 0.05 0.05312475
0 0.371875 0.71875025 0.046875 0.05000025
0 0.350781 0.757031 0.045312 0.0515625
0 0.310937 0.74609375 0.05 0.035937750000000004
0 0.299219 0.7070315 0.035937 0.035937750000000004
1 0.728125 0.68046875 0.04375 0.04531275
1 0.729688 0.644531 0.040625 0.035937750000000004
1 0.777344 0.6453125 0.032813 0.034374749999999996
0 0.748437 0.7124997499999999 0.0375 0.04062525
0 0.783594 0.69921875 0.032813 0.02968725
2 0.711719 0.5601559999999999 0.032813 0.02968725
2 0.700781 0.53125025 0.042188 0.043749750000000004
2 0.757812 0.5367184999999999 0.0375 0.0328125
2 0.772656 0.56718725 0.042188 0.03125025
1 0.194531 0.7679690000000001 0.032813 0.0328125
1 0.210938 0.79218725 0.03125 0.028125
1 0.210156 0.83515625 0.035937 0.035937750000000004
1 0.1875 0.8406252500000001 0.0375 0.034374749999999996
1 0.98125 0.1898435 0.0375 0.0515625
1 0.978906 0.228125 0.042188 0.043749750000000004
