1 0.4 0.32890625 0.05625 0.057812249999999996
1 0.44375 0.32500025 0.034375 0.046875
1 0.377344 0.38125025 0.054688 0.059375250000000004
1 0.439063 0.37734349999999994 0.04375 0.0328125
1 0.346094 0.43203125 0.054688 0.06718725
1 0.392969 0.47812475 0.045312 0.043749750000000004
1 0.417969 0.43124975 0.039062 0.05000025
1 0.338281 0.4898435 0.060937 0.0421875
2 0.885938 0.15078125 0.05 0.03906225
0 0.932031 0.16562525 0.042188 0.04062525
0 0.895312 0.1859375 0.01875 0.03125025
0 0.9210939999999999 0.209375 0.023438 0.028125
0 0.8914060000000001 0.24921875 0.054688 0.0421875
0 0.8570309999999999 0.27656225 0.020313 0.01875
0 0.8773440000000001 0.30468725 0.042188 0.05000025
0 0.828125 0.30937475000000003 0.0375 0.043749750000000004
0 0.9539060000000001 0.692969 0.039062 0.0421875
