2 0.3 0.203906 0.06875 0.0609375
2 0.402344 0.27812525 0.070312 0.065625
2 0.317969 0.3226565 0.045312 0.04531275
2 0.394531 0.35390599999999994 0.064062 0.057812249999999996
2 0.307812 0.392969 0.046875 0.0421875
2 0.385937 0.44453149999999997 0.065625 0.06406275
2 0.292969 0.4671875 0.054688 0.05625
2 0.371875 0.50781275 0.071875 0.059375250000000004
2 0.283594 0.5421875 0.064062 0.05312475
2 0.357031 0.57656225 0.064062 0.06249975
1 0.274219 0.6039065000000001 0.067187 0.0515625
1 0.346875 0.65234375 0.06875 0.06718725
1 0.263281 0.67031225 0.070312 0.05625
