1 0.260156 0.6960935 0.045312 0.03906225
1 0.571094 0.44999975000000003 0.045312 0.0375
1 0.528125 0.48828125 0.03125 0.0328125
1 0.575 0.5101565000000001 0.034375 0.04531275
1 0.515625 0.53125025 0.040625 0.034374749999999996
1 0.561719 0.55000025 0.045312 0.0375
1 0.23828100000000002 0.730469 0.032813 0.0328125
1 0.292187 0.6828125 0.021875 0.03125025
0 0.189844 0.14453149999999998 0.064062 0.035937750000000004
0 0.120313 0.16874975 0.05625 0.04062525
0 0.184375 0.1859375 0.046875 0.034374749999999996
0 0.146094 0.21640625 0.064062 0.04531275
0 0.47968700000000003 0.15625024999999998 0.04375 0.0375
0 0.477344 0.19765625 0.042188 0.0328125
0 0.480469 0.23828149999999998 0.035937 0.035937750000000004
0 0.461719 0.2648435 0.039062 0.03906225
0 0.451562 0.30390649999999997 0.028125 0.0328125
0 0.123438 0.58124975 0.034375 0.034374749999999996
0 0.525781 0.561719 0.029687 0.026562749999999996
0 0.528125 0.589844 0.025 0.02968725
0 0.529687 0.6273440000000001 0.03125 0.02968725
0 0.565625 0.61015625 0.025 0.02968725
0 0.525781 0.66093725 0.035937 0.03125025
0 0.564063 0.64765625 0.028125 0.0328125
0 0.56875 0.683594 0.0375 0.035937750000000004
0 0.533594 0.69374975 0.042188 0.03125025
0 0.129688 0.6156252500000001 0.034375 0.034374749999999996
0 0.099219 0.6359375 0.045312 0.0375
0 0.066406 0.68046875 0.054688 0.057812249999999996
0 0.053905999999999996 0.72812525 0.060937 0.06249975
0 0.069531 0.77890625 0.060937 0.05468775
0 0.114062 0.777344 0.040625 0.035937750000000004
0 0.23203100000000002 0.77500025 0.035937 0.0375
0 0.241406 0.8109372499999999 0.039062 0.034374749999999996
0 0.880469 0.7484375 0.023438 0.02499975
0 0.870313 0.77031275 0.025 0.028125
0 0.8617190000000001 0.8156247499999999 0.029687 0.028125
