0 0.503906 0.65624975 0.039062 0.0375
0 0.05 0.78828125 0.034375 0.035937750000000004
0 0.108594 0.771875 0.032813 0.02499975
0 0.109375 0.8195315000000001 0.034375 0.0234375
2 0.060156 0.69062525 0.054688 0.05312475
2 0.11484399999999999 0.725 0.054688 0.05312475
1 0.50625 0.45156275 0.059375 0.05312475
2 0.559375 0.48437525 0.05625 0.046875
1 0.490625 0.50234375 0.059375 0.05468775
1 0.47343799999999997 0.561719 0.05625 0.05468775
1 0.454688 0.59062475 0.059375 0.05312475
1 0.453125 0.636719 0.053125 0.0515625
1 0.548438 0.55937525 0.059375 0.05312475
1 0.532031 0.58281275 0.054688 0.05000025
