2 0.697656 0.27734375 0.067187 0.0609375
2 0.591406 0.278906 0.067187 0.0515625
1 0.571094 0.32500025 0.035937 0.04062525
1 0.642188 0.30390649999999997 0.040625 0.0421875
1 0.632812 0.35234375 0.05 0.035937750000000004
0 0.623437 0.41249974999999994 0.0375 0.04062525
0 0.55625 0.39140600000000003 0.0375 0.0328125
0 0.560937 0.44531225 0.03125 0.034374749999999996
0 0.560156 0.50234375 0.035937 0.03906225
1 0.626563 0.48906275 0.046875 0.046875
1 0.633594 0.54453125 0.054688 0.0515625
1 0.6375 0.60078125 0.05625 0.057812249999999996
1 0.572656 0.56249975 0.057813 0.05312475
0 0.589844 0.61015625 0.051562 0.0421875
1 0.3125 0.7351565 0.034375 0.035937750000000004
1 0.101562 0.34843775 0.034375 0.028125
1 0.092188 0.32421875 0.028125 0.026562749999999996
1 0.090625 0.29531225 0.028125 0.02499975
1 0.061719 0.62890625 0.029687 0.02968725
1 0.072656 0.60625025 0.035937 0.02499975
1 0.078906 0.578906 0.020313 0.0234375
1 0.338281 0.6507815000000001 0.026561999999999995 0.026562749999999996
1 0.334375 0.6828125 0.025 0.02187525
