1 0.046875 0.4625 0.059375 0.046875
0 0.051562 0.58593725 0.05625 0.043749750000000004
1 0.021875 0.55468775 0.040625 0.043749750000000004
1 0.65 0.31874975 0.05625 0.05000025
1 0.614062 0.33046849999999994 0.046875 0.03906225
1 0.627344 0.37968725000000003 0.051562 0.043749750000000004
1 0.689844 0.40000025000000006 0.054688 0.05000025
1 0.646875 0.41875025 0.046875 0.05000025
0 0.665625 0.44140625 0.025 0.02968725
0 0.708594 0.46015625 0.029687 0.02968725
0 0.65625 0.4898435 0.0375 0.04531275
0 0.673438 0.51171875 0.046875 0.04531275
0 0.707812 0.4992185 0.04375 0.0421875
1 0.040625 0.42109399999999997 0.040625 0.035937750000000004
