0 0.250781 0.32109350000000003 0.057813 0.057812249999999996
0 0.180469 0.34453100000000003 0.070312 0.0609375
0 0.163281 0.41328125 0.073438 0.05468775
0 0.141406 0.49375025000000006 0.070312 0.059375250000000004
0 0.123438 0.56249975 0.071875 0.065625
0 0.121875 0.6273440000000001 0.0625 0.05468775
0 0.177344 0.62890625 0.067187 0.06718725
0 0.189062 0.67656275 0.0625 0.05312475
0 0.23203100000000002 0.550781 0.064062 0.0609375
0 0.241406 0.490625 0.067187 0.06249975
0 0.277344 0.430469 0.073438 0.05468775
0 0.275 0.382031 0.0625 0.05468775
