2 0.279687 0.33437525 0.06875 0.059375250000000004
2 0.20546899999999998 0.38125025 0.073438 0.065625
2 0.22265600000000002 0.45078125 0.070312 0.06406275
2 0.276562 0.4203125 0.0625 0.059375250000000004
2 0.295312 0.46562525 0.040625 0.04062525
2 0.242188 0.49843775 0.046875 0.046875
2 0.303125 0.522656 0.053125 0.04843725
2 0.302344 0.569531 0.060937 0.05468775
2 0.297656 0.62500025 0.064062 0.059375250000000004
2 0.252344 0.659375 0.064062 0.065625
1 0.532031 0.17500025 0.054688 0.05625
0 0.594531 0.194531 0.048438 0.04843725
0 0.535937 0.22499975 0.046875 0.043749750000000004
2 0.23671899999999998 0.56718725 0.051562 0.046875
2 0.235937 0.60625025 0.06875 0.05625
1 0.585938 0.14609375 0.065625 0.03906225
1 0.653125 0.5687502500000001 0.0375 0.02499975
1 0.664844 0.589844 0.032813 0.026562749999999996
1 0.68125 0.60546875 0.03125 0.035937750000000004
1 0.701562 0.57812525 0.021875 0.02499975
