2 0.277344 0.4726565 0.051562 0.04531275
2 0.346875 0.5375 0.05625 0.05625
2 0.315625 0.59687525 0.059375 0.059375250000000004
2 0.252344 0.5484372499999999 0.060937 0.05312475
2 0.228906 0.6039065000000001 0.057813 0.057812249999999996
2 0.282031 0.6390627500000001 0.060937 0.05625
0 0.8445310000000001 0.37578125 0.048438 0.05468775
0 0.835938 0.4203125 0.046875 0.0375
0 0.880469 0.41406275 0.045312 0.046875
0 0.904687 0.38593774999999997 0.040625 0.04062525
0 0.932031 0.3585935 0.051562 0.04531275
0 0.942187 0.3078125 0.05 0.046875
