2 0.584375 0.2367185 0.0625 0.057812249999999996
2 0.669531 0.203906 0.057813 0.057812249999999996
2 0.660937 0.271094 0.059375 0.0609375
2 0.585938 0.29531225 0.065625 0.05625
2 0.589844 0.34218724999999994 0.060937 0.05312475
2 0.642188 0.325781 0.05625 0.05468775
0 0.664062 0.346094 0.03125 0.035937750000000004
0 0.594531 0.37031225 0.035937 0.04062525
0 0.654687 0.39140600000000003 0.040625 0.0421875
0 0.59375 0.410156 0.04375 0.0421875
0 0.597656 0.4523435 0.042188 0.0421875
0 0.652344 0.43593724999999994 0.051562 0.05000025
0 0.661719 0.477344 0.042188 0.0421875
0 0.657813 0.51875 0.05 0.046875
0 0.616406 0.5367184999999999 0.054688 0.05468775
0 0.598437 0.496094 0.04375 0.035937750000000004
1 0.298438 0.5984375 0.040625 0.0375
1 0.35625 0.57656225 0.04375 0.0375
1 0.351562 0.62343725 0.040625 0.0375
1 0.298438 0.6453125 0.05 0.043749750000000004
1 0.294531 0.6882815 0.048438 0.0421875
1 0.35625 0.664844 0.046875 0.04531275
1 0.353125 0.7070315 0.046875 0.03906225
1 0.3 0.73124975 0.046875 0.043749750000000004
1 0.339844 0.75078125 0.045312 0.04843725
1 0.3 0.7679690000000001 0.040625 0.035937750000000004
1 0.301563 0.79296875 0.0375 0.035937750000000004
1 0.339844 0.78437525 0.045312 0.03125025
