1 0.2875 0.30546875 0.053125 0.05468775
1 0.203125 0.346094 0.059375 0.0515625
1 0.275 0.39765649999999997 0.06875 0.057812249999999996
1 0.1875 0.42265625 0.06875 0.0609375
1 0.167969 0.4859375 0.064062 0.059375250000000004
1 0.265625 0.46406225 0.065625 0.059375250000000004
1 0.25 0.5195315 0.078125 0.06406275
1 0.228906 0.5851565 0.073438 0.06406275
1 0.149219 0.54453125 0.076563 0.0703125
1 0.149219 0.60937475 0.070312 0.06249975
1 0.152344 0.6679685 0.070312 0.06718725
1 0.221875 0.644531 0.06875 0.06406275
1 0.226562 0.70312475 0.071875 0.06249975
0 0.225 0.7632815 0.05 0.04531275
