2 0.603125 0.49296875 0.06875 0.06406275
2 0.720313 0.47343725000000003 0.075 0.06249975
2 0.700781 0.55000025 0.076563 0.059375250000000004
2 0.611719 0.55625 0.070312 0.059375250000000004
0 0.609375 0.60468725 0.040625 0.0375
0 0.582031 0.6859377500000001 0.048438 0.043749750000000004
0 0.58125 0.7390625 0.05 0.05000025
2 0.673438 0.61015625 0.071875 0.0609375
1 0.658594 0.7210940000000001 0.070312 0.06406275
1 0.645312 0.786719 0.059375 0.0609375
0 0.514062 0.3546875 0.03125 0.03125025
1 0.45390600000000003 0.3398435 0.042188 0.03906225
0 0.507812 0.31562524999999997 0.034375 0.03125025
0 0.460156 0.29609375 0.029687 0.035937750000000004
2 0.458594 0.261719 0.042188 0.0421875
2 0.460156 0.1539065 0.051562 0.0421875
2 0.534375 0.147656 0.04375 0.0421875
2 0.496094 0.85625 0.048438 0.0375
2 0.449219 0.8578122499999999 0.048438 0.034374749999999996
