1 0.144531 0.52578125 0.032813 0.026562749999999996
1 0.132031 0.55781225 0.039062 0.043749750000000004
1 0.11796900000000002 0.5851565 0.060937 0.04531275
2 0.359375 0.5249997499999999 0.053125 0.05312475
1 0.349219 0.58281275 0.035937 0.034374749999999996
1 0.3375 0.63359375 0.0375 0.0328125
1 0.333594 0.67187525 0.042188 0.04062525
1 0.311719 0.69531275 0.042188 0.04062525
1 0.29375 0.734375 0.046875 0.046875
1 0.274219 0.65234375 0.042188 0.035937750000000004
1 0.257031 0.68515625 0.042188 0.0421875
1 0.234375 0.73203125 0.053125 0.05468775
1 0.5 0.27734375 0.040625 0.04531275
2 0.91875 0.32890625 0.053125 0.0421875
2 0.892188 0.40078099999999994 0.05625 0.057812249999999996
2 0.965625 0.396875 0.059375 0.05312475
2 0.9289059999999999 0.4523435 0.054688 0.05468775
2 0.8914060000000001 0.49296875 0.054688 0.04843725
2 0.853125 0.457031 0.05625 0.0515625
0 0.528906 0.33749975 0.032813 0.03125025
0 0.492969 0.34296875 0.026561999999999995 0.0234375
1 0.566406 0.22499975 0.045312 0.05312475
1 0.541406 0.2757815 0.039062 0.04843725
0 0.492969 0.434375 0.039062 0.04062525
0 0.457031 0.396875 0.035937 0.0375
