1 0.51875 0.149219 0.04375 0.04531275
1 0.450781 0.20859350000000002 0.054688 0.0609375
1 0.514844 0.2367185 0.051562 0.04843725
1 0.513281 0.28671875 0.054688 0.0515625
1 0.449219 0.27656225 0.051562 0.05312475
1 0.440625 0.31015625 0.05 0.05468775
1 0.502344 0.33437525 0.048438 0.05625
1 0.435937 0.35624975000000003 0.053125 0.05000025
1 0.491406 0.3875 0.054688 0.05312475
1 0.428906 0.40859375 0.057813 0.0515625
1 0.488281 0.43515650000000006 0.048438 0.05468775
1 0.7375 0.5085934999999999 0.06875 0.0609375
1 0.710156 0.58671875 0.070312 0.06718725
1 0.692969 0.6398435 0.064062 0.0515625
0 0.675781 0.692969 0.060937 0.057812249999999996
1 0.647656 0.7539065 0.064062 0.0609375
1 0.601562 0.52656275 0.05625 0.06249975
1 0.603906 0.65156225 0.064062 0.05625
1 0.8757810000000001 0.6023435 0.029687 0.026562749999999996
1 0.920312 0.625781 0.028125 0.02968725
1 0.9304690000000001 0.6601565 0.042188 0.0328125
1 0.9085940000000001 0.70859375 0.035937 0.03906225
1 0.8898439999999999 0.6828125 0.032813 0.034374749999999996
1 0.9398440000000001 0.6960935 0.032813 0.03906225
1 0.8976559999999999 0.73671875 0.035937 0.02968725
0 0.8898439999999999 0.766406 0.039062 0.035937750000000004
0 0.9148440000000001 0.7914065000000001 0.032813 0.026562749999999996
1 0.932031 0.7296875 0.045312 0.034374749999999996
1 0.9523439999999999 0.522656 0.042188 0.03906225
1 0.957031 0.56718725 0.042188 0.04062525
1 0.598437 0.36562474999999994 0.025 0.034374749999999996
1 0.582812 0.42421849999999994 0.03125 0.0328125
1 0.59375 0.40000025000000006 0.03125 0.028125
1 0.248438 0.846875 0.040625 0.0375
1 0.276562 0.8 0.03125 0.03125025
2 0.240625 0.8015622499999999 0.03125 0.03125025
