1 0.435156 0.20234375 0.035937 0.0421875
1 0.363281 0.209375 0.035937 0.046875
1 0.357031 0.25781225 0.042188 0.043749750000000004
1 0.421875 0.25312475 0.04375 0.043749750000000004
1 0.417969 0.29531225 0.048438 0.043749750000000004
1 0.396094 0.33281225000000003 0.045312 0.043749750000000004
1 0.345313 0.2984375 0.04375 0.043749750000000004
1 0.333594 0.3359375 0.045312 0.043749750000000004
1 0.374219 0.37109375 0.045312 0.0421875
0 0.364844 0.40390625 0.035937 0.035937750000000004
0 0.3 0.40625 0.03125 0.028125
2 0.05 0.54921875 0.075 0.0703125
2 0.040625 0.621875 0.071875 0.06249975
2 0.066406 0.67187525 0.070312 0.05625
1 0.095312 0.74062475 0.06875 0.05625
1 0.036719 0.7679690000000001 0.070312 0.06406275
1 0.089063 0.79843775 0.065625 0.059375250000000004
2 0.141406 0.757031 0.057813 0.057812249999999996
2 0.183594 0.719531 0.064062 0.06406275
0 0.786719 0.48828125 0.029687 0.03906225
0 0.798438 0.5140625 0.03125 0.03125025
0 0.8304690000000001 0.509375 0.039062 0.034374749999999996
0 0.8414059999999999 0.4898435 0.039062 0.035937750000000004
0 0.804688 0.45468725 0.021875 0.02499975
0 0.8117189999999999 0.42343775000000006 0.026561999999999995 0.02187525
0 0.809375 0.3875 0.021875 0.02187525
0 0.8523440000000001 0.37578125 0.020313 0.020312249999999997
0 0.849219 0.41328125 0.026561999999999995 0.020312249999999997
0 0.8445310000000001 0.44062475 0.026561999999999995 0.02499975
0 0.840625 0.46562525 0.021875 0.02187525
