2 0.536719 0.32031275 0.057813 0.05312475
2 0.539844 0.3867185 0.064062 0.057812249999999996
2 0.539844 0.44765599999999994 0.057813 0.057812249999999996
2 0.555469 0.50234375 0.064062 0.0609375
2 0.563281 0.55390625 0.057813 0.05468775
2 0.63125 0.35390599999999994 0.059375 0.057812249999999996
2 0.638281 0.41484350000000003 0.060937 0.06406275
2 0.628906 0.4726565 0.064062 0.057812249999999996
1 0.621875 0.52656275 0.0625 0.05625
1 0.638281 0.57812525 0.067187 0.059375250000000004
2 0.157812 0.6421872499999999 0.040625 0.034374749999999996
2 0.105469 0.65781275 0.035937 0.0375
2 0.149219 0.68515625 0.039062 0.0421875
2 0.10625 0.70000025 0.0375 0.0375
1 0.138281 0.7539065 0.039062 0.035937750000000004
1 0.10078099999999998 0.7351565 0.039062 0.02968725
2 0.349219 0.7335935 0.035937 0.035937750000000004
2 0.315625 0.74687525 0.034375 0.03125025
1 0.339844 0.78906275 0.029687 0.03125025
1 0.346094 0.8414059999999999 0.042188 0.03906225
1 0.628906 0.6601565 0.026561999999999995 0.02968725
1 0.642188 0.6390627500000001 0.021875 0.02499975
1 0.635156 0.6828125 0.026561999999999995 0.02499975
1 0.639062 0.7070315 0.025 0.0234375
