2 0.302344 0.552344 0.054688 0.0515625
2 0.382812 0.5484372499999999 0.053125 0.05312475
2 0.295312 0.61484375 0.059375 0.05468775
2 0.360156 0.644531 0.048438 0.05468775
1 0.296094 0.65703125 0.032813 0.0328125
1 0.339844 0.6867185 0.039062 0.0328125
1 0.285938 0.70859375 0.0375 0.03906225
1 0.334375 0.719531 0.034375 0.0328125
1 0.283594 0.7679690000000001 0.035937 0.03906225
1 0.294531 0.79765625 0.035937 0.02968725
1 0.346875 0.78359375 0.034375 0.035937750000000004
1 0.341406 0.8414059999999999 0.054688 0.05468775
1 0.296875 0.8460934999999999 0.053125 0.04843725
1 0.646094 0.5648435 0.057813 0.0515625
1 0.582031 0.233594 0.045312 0.03906225
2 0.572656 0.32031275 0.051562 0.05625
2 0.58125 0.37656275000000006 0.05625 0.05625
2 0.585156 0.43203125 0.060937 0.057812249999999996
2 0.608594 0.475781 0.064062 0.057812249999999996
2 0.591406 0.528125 0.057813 0.059375250000000004
2 0.657813 0.5046875 0.0625 0.065625
2 0.659375 0.40078099999999994 0.053125 0.0421875
1 0.42968799999999996 0.8453127500000001 0.053125 0.046875
