1 0.63125 0.457031 0.0375 0.0421875
1 0.616406 0.4898435 0.039062 0.03906225
1 0.666406 0.49765625 0.039062 0.03906225
1 0.596875 0.53125025 0.046875 0.05000025
1 0.597656 0.57265625 0.048438 0.04531275
1 0.65625 0.53437475 0.040625 0.043749750000000004
1 0.645312 0.561719 0.04375 0.0515625
1 0.6625 0.40000025000000006 0.028125 0.028125
1 0.682813 0.44609375 0.028125 0.026562749999999996
1 0.6 0.6117185 0.0375 0.0421875
0 0.589844 0.6421872499999999 0.029687 0.02499975
0 0.636719 0.59375 0.026561999999999995 0.028125
0 0.633594 0.6265625 0.035937 0.028125
0 0.638281 0.6539059999999999 0.042188 0.04843725
0 0.594531 0.68437475 0.042188 0.046875
0 0.633594 0.70000025 0.051562 0.05312475
0 0.904687 0.52109375 0.05 0.03906225
0 0.95 0.55859375 0.05 0.04531275
0 0.896094 0.58124975 0.057813 0.05312475
0 0.9054689999999999 0.63828125 0.067187 0.05468775
0 0.9710940000000001 0.61484375 0.057813 0.0515625
0 0.959375 0.6601565 0.065625 0.0609375
1 0.929688 0.477344 0.06875 0.04843725
1 0.967187 0.5132809999999999 0.065625 0.06718725
1 0.972656 0.40625 0.054688 0.059375250000000004
1 0.925 0.41249974999999994 0.059375 0.05312475
1 0.942969 0.35078149999999997 0.045312 0.03906225
