2 0.49375 0.29531225 0.053125 0.05000025
2 0.477344 0.3585935 0.048438 0.04843725
2 0.525781 0.33437525 0.048438 0.046875
2 0.51875 0.3867185 0.04375 0.0421875
2 0.471094 0.41249974999999994 0.051562 0.043749750000000004
2 0.519531 0.44687525000000006 0.051562 0.046875
2 0.454688 0.46484375 0.053125 0.04843725
2 0.461719 0.5031252500000001 0.048438 0.04062525
2 0.519531 0.4859375 0.045312 0.046875
2 0.561719 0.503906 0.042188 0.0421875
2 0.502344 0.52109375 0.045312 0.0421875
2 0.46093799999999996 0.54374975 0.046875 0.046875
2 0.461719 0.5835934999999999 0.035937 0.035937750000000004
2 0.486719 0.59140625 0.035937 0.035937750000000004
2 0.516406 0.561719 0.048438 0.03906225
2 0.572656 0.56718725 0.042188 0.046875
2 0.565625 0.6273440000000001 0.040625 0.035937750000000004
2 0.529687 0.6265625 0.04375 0.04062525
2 0.540625 0.664844 0.040625 0.035937750000000004
2 0.549219 0.7148435 0.029687 0.0328125
2 0.532813 0.74609375 0.034375 0.035937750000000004
2 0.505469 0.74609375 0.039062 0.035937750000000004
2 0.978906 0.213281 0.042188 0.0609375
2 0.96875 0.2703125 0.05625 0.059375250000000004
2 0.974219 0.32031275 0.051562 0.05312475
2 0.976562 0.37578125 0.046875 0.0515625
2 0.933594 0.392969 0.060937 0.057812249999999996
2 0.967187 0.42812525 0.05625 0.05000025
