2 0.711719 0.427344 0.064062 0.057813
2 0.652344 0.433594 0.054688 0.051562
2 0.646094 0.482031 0.054688 0.054688
2 0.700781 0.475781 0.054688 0.051562
2 0.708594 0.525000 0.051562 0.046875
2 0.646875 0.546094 0.050000 0.045312
2 0.648438 0.592969 0.043750 0.045312
2 0.709375 0.576562 0.053125 0.043750
2 0.642969 0.641406 0.048438 0.045312
2 0.639062 0.687500 0.043750 0.050000
2 0.698438 0.682031 0.053125 0.054688
1 0.704688 0.614062 0.037500 0.031250
0 0.637500 0.723437 0.034375 0.034375
0 0.684375 0.712500 0.040625 0.031250
0 0.682813 0.754687 0.034375 0.037500
0 0.639062 0.762500 0.031250 0.040625
0 0.971094 0.313281 0.048438 0.048438
0 0.982031 0.256250 0.032813 0.034375
0 0.201563 0.186719 0.053125 0.048438
0 0.242188 0.174219 0.040625 0.042188
0 0.203125 0.142969 0.040625 0.032813
