1 0.2875 0.265625 0.05 0.043749750000000004
1 0.325 0.30546875 0.05 0.04531275
1 0.252344 0.316406 0.054688 0.04531275
1 0.310156 0.363281 0.051562 0.04531275
1 0.246875 0.36718775 0.05625 0.05000025
1 0.284375 0.40312475000000003 0.053125 0.046875
0 0.751563 0.31484375 0.040625 0.0421875
0 0.699219 0.32734399999999997 0.045312 0.035937750000000004
0 0.733594 0.35156225 0.042188 0.043749750000000004
0 0.767188 0.39140600000000003 0.040625 0.0328125
0 0.761719 0.42265625 0.032813 0.03906225
0 0.733594 0.42265625 0.039062 0.0421875
0 0.70625 0.39921875 0.0375 0.035937750000000004
0 0.696094 0.36718775 0.042188 0.04062525
2 0.83125 0.61093775 0.046875 0.04062525
2 0.8148440000000001 0.6414065 0.039062 0.03906225
2 0.8304690000000001 0.69453125 0.042188 0.04531275
1 0.8117189999999999 0.7328127500000001 0.039062 0.0375
1 0.803125 0.7632815 0.028125 0.0328125
1 0.767969 0.7679690000000001 0.039062 0.04843725
1 0.791406 0.81250025 0.039062 0.04062525
1 0.758594 0.80234375 0.039062 0.0515625
