1 0.063281 0.34218724999999994 0.039062 0.04062525
1 0.096875 0.33359375 0.040625 0.0328125
1 0.125781 0.37578125 0.042188 0.03906225
1 0.082031 0.4070315 0.048438 0.0421875
1 0.1375 0.43593724999999994 0.053125 0.046875
1 0.069531 0.45468725 0.060937 0.046875
1 0.067969 0.50624975 0.057813 0.05312475
1 0.13125 0.48906275 0.05625 0.05312475
0 0.126562 0.6171875 0.05625 0.046875
0 0.322656 0.22031225000000002 0.039062 0.0375
0 0.323437 0.260156 0.040625 0.04531275
0 0.3375 0.2929685 0.034375 0.0328125
0 0.309375 0.29765600000000003 0.034375 0.03906225
1 0.639062 0.541406 0.0375 0.0421875
1 0.589063 0.55625 0.034375 0.028125
1 0.635156 0.58671875 0.045312 0.03906225
1 0.621094 0.62500025 0.042188 0.043749750000000004
1 0.616406 0.67031225 0.045312 0.04062525
1 0.575 0.6507815000000001 0.046875 0.0421875
1 0.58125 0.60546875 0.040625 0.03906225
0 0.911719 0.16953125 0.026561999999999995 0.02968725
0 0.965625 0.18281225 0.025 0.028125
0 0.917188 0.242969 0.05 0.04843725
0 0.978906 0.24531275 0.042188 0.05000025
0 0.9375 0.2757815 0.04375 0.04531275
0 0.9773440000000001 0.28671875 0.042188 0.04843725
0 0.9617190000000001 0.3226565 0.042188 0.04531275
0 0.925781 0.3117185 0.045312 0.035937750000000004
1 0.11875 0.53437475 0.053125 0.046875
0 0.1375 0.6492185 0.05625 0.04531275
1 0.898438 0.419531 0.025 0.035937750000000004
1 0.9226560000000001 0.43671875 0.029687 0.026562749999999996
1 0.876563 0.38906224999999994 0.03125 0.03125025
1 0.9070310000000001 0.372656 0.023438 0.026562749999999996
