2 0.680469 0.220312 0.064062 0.068750
2 0.685156 0.310156 0.064062 0.064062
2 0.753906 0.346094 0.067187 0.067187
2 0.726562 0.397656 0.065625 0.054688
2 0.728125 0.457813 0.068750 0.059375
2 0.675781 0.481250 0.064062 0.062500
0 0.682031 0.532813 0.048438 0.046875
0 0.732031 0.568750 0.060937 0.053125
0 0.739062 0.513281 0.059375 0.057813
2 0.345313 0.506250 0.037500 0.037500
1 0.289062 0.515625 0.028125 0.025000
1 0.287500 0.554688 0.037500 0.028125
1 0.334375 0.576562 0.034375 0.031250
2 0.282031 0.594531 0.045312 0.039062
2 0.281250 0.633594 0.050000 0.042188
1 0.341406 0.614844 0.042188 0.039062
2 0.339062 0.658594 0.050000 0.048438
1 0.349219 0.690625 0.048438 0.043750
2 0.295312 0.672656 0.043750 0.045312
1 0.327344 0.725000 0.048438 0.043750
1 0.295312 0.750781 0.053125 0.048438
0 0.354687 0.752344 0.043750 0.042188
1 0.065625 0.388281 0.037500 0.039062
1 0.053125 0.528906 0.037500 0.032813
1 0.056250 0.561719 0.040625 0.035937
1 0.071875 0.593750 0.037500 0.034375
1 0.071094 0.622656 0.042188 0.035937
2 0.087500 0.685937 0.034375 0.031250
2 0.093750 0.710156 0.028125 0.026562
1 0.053906 0.681250 0.035937 0.040625
1 0.220312 0.158594 0.046875 0.039062
1 0.089844 0.448437 0.039062 0.031250
0 0.330469 0.768750 0.029687 0.031250
