2 0.4625 0.37421899999999997 0.059375 0.05468775
2 0.570312 0.40625 0.0375 0.04062525
2 0.50625 0.43671875 0.0375 0.03906225
2 0.45234399999999997 0.45546875 0.035937 0.035937750000000004
2 0.430469 0.5015622499999999 0.035937 0.0375
2 0.482031 0.49765625 0.035937 0.03906225
2 0.400781 0.54453125 0.042188 0.03906225
2 0.374219 0.5796875 0.051562 0.043749750000000004
2 0.548438 0.48437525 0.046875 0.046875
2 0.609375 0.48203150000000006 0.04375 0.04531275
2 0.592187 0.5249997499999999 0.046875 0.043749750000000004
2 0.515625 0.5273435 0.05625 0.05468775
2 0.463281 0.55625 0.054688 0.046875
2 0.442969 0.59609375 0.054688 0.057812249999999996
2 0.411719 0.6359375 0.054688 0.059375250000000004
2 0.39375 0.66875 0.046875 0.046875
2 0.46796899999999997 0.6265625 0.057813 0.05625
2 0.534375 0.61953125 0.053125 0.057812249999999996
2 0.563281 0.5742185 0.054688 0.05468775
2 0.496094 0.57343775 0.054688 0.05312475
0 0.9679689999999999 0.59687525 0.057813 0.043749750000000004
0 0.973437 0.6421872499999999 0.053125 0.05000025
1 0.364063 0.621875 0.04375 0.04062525
0 0.348438 0.6539059999999999 0.0375 0.0421875
0 0.329688 0.68984375 0.0375 0.03906225
0 0.373437 0.6976565000000001 0.040625 0.04531275
