2 0.435937 0.37031225 0.05625 0.05625
2 0.428125 0.453125 0.034375 0.0375
2 0.410156 0.5007815 0.032813 0.03906225
2 0.383594 0.53984375 0.042188 0.026562749999999996
2 0.353906 0.575 0.048438 0.05000025
2 0.482812 0.43124975 0.0375 0.0375
2 0.541406 0.40625 0.039062 0.04062525
2 0.4625 0.49140649999999997 0.034375 0.035937750000000004
2 0.522656 0.48359375 0.051562 0.0421875
2 0.582812 0.48281224999999994 0.04375 0.043749750000000004
2 0.5625 0.5218752500000001 0.040625 0.04062525
2 0.488281 0.52578125 0.051562 0.05468775
2 0.467187 0.57343775 0.05 0.043749750000000004
2 0.538281 0.56796875 0.051562 0.0515625
2 0.510156 0.6156252500000001 0.048438 0.05000025
2 0.442969 0.625781 0.054688 0.04843725
2 0.421875 0.588281 0.053125 0.05468775
2 0.394531 0.6320315 0.054688 0.057812249999999996
2 0.375781 0.6640625 0.048438 0.043749750000000004
1 0.342969 0.61484375 0.039062 0.03906225
0 0.326562 0.64687475 0.0375 0.034374749999999996
0 0.310156 0.68515625 0.042188 0.035937750000000004
0 0.353906 0.692969 0.039062 0.03906225
0 0.9625 0.569531 0.046875 0.04531275
0 0.9382810000000001 0.589844 0.051562 0.0515625
0 0.9460940000000001 0.63437525 0.045312 0.05000025
