0 0.357812 0.3398435 0.040625 0.035937750000000004
0 0.41093799999999997 0.3226565 0.04375 0.03906225
0 0.398438 0.359375 0.046875 0.04062525
0 0.365625 0.37656275000000006 0.0375 0.034374749999999996
0 0.388281 0.41249974999999994 0.032813 0.03125025
0 0.408594 0.39140600000000003 0.039062 0.0421875
0 0.347656 0.1765625 0.039062 0.04062525
1 0.713281 0.14687524999999998 0.051562 0.04062525
2 0.607031 0.44765599999999994 0.048438 0.04843725
2 0.582812 0.46093775 0.04375 0.0375
2 0.620313 0.5 0.04375 0.034374749999999996
2 0.598437 0.50624975 0.040625 0.0375
2 0.610156 0.54921875 0.039062 0.0328125
1 0.611719 0.5835934999999999 0.029687 0.0328125
1 0.638281 0.60625025 0.035937 0.0375
1 0.610156 0.608594 0.032813 0.02968725
1 0.60625 0.640625 0.040625 0.034374749999999996
1 0.632812 0.6656247499999999 0.040625 0.034374749999999996
0 0.620313 0.69062525 0.0375 0.0375
1 0.10078099999999998 0.60937475 0.039062 0.0375
1 0.141406 0.5742185 0.035937 0.0328125
0 0.145313 0.608594 0.028125 0.026562749999999996
1 0.13125 0.655469 0.046875 0.035937750000000004
1 0.095312 0.69843725 0.046875 0.043749750000000004
0 0.125781 0.76484375 0.045312 0.04531275
