2 0.630469 0.35 0.051562 0.046875
2 0.561719 0.45156275 0.054688 0.05312475
2 0.548438 0.5 0.059375 0.059375250000000004
2 0.553125 0.5476565 0.059375 0.05468775
2 0.576562 0.5984375 0.05625 0.05625
2 0.642969 0.47968774999999997 0.051562 0.043749750000000004
2 0.641406 0.52968725 0.057813 0.06249975
2 0.625 0.5664065 0.05625 0.05468775
1 0.634375 0.60937475 0.05 0.05000025
1 0.585938 0.63828125 0.065625 0.05468775
1 0.576562 0.40390625 0.04375 0.03906225
1 0.638281 0.4296875 0.035937 0.034374749999999996
1 0.579688 0.355469 0.034375 0.03906225
1 0.024219 0.27812525 0.045312 0.05000025
