2 0.20078100000000002 0.32031275 0.054688 0.04062525
2 0.25 0.41875025 0.05625 0.05625
2 0.213281 0.3960935 0.032813 0.0328125
2 0.20703100000000002 0.45468725 0.029687 0.03125025
2 0.24609399999999998 0.46562525 0.048438 0.046875
2 0.23906299999999997 0.4992185 0.0375 0.0328125
1 0.183594 0.5132809999999999 0.048438 0.04531275
1 0.227344 0.550781 0.051562 0.04843725
1 0.167969 0.56249975 0.048438 0.043749750000000004
1 0.20546899999999998 0.584375 0.032813 0.0375
0 0.166406 0.61406225 0.032813 0.03125025
0 0.189844 0.6789065 0.042188 0.03906225
0 0.144531 0.6695315 0.045312 0.04531275
0 0.767969 0.14453149999999998 0.042188 0.035937750000000004
0 0.264062 0.1429685 0.028125 0.026562749999999996
