2 0.510156 0.171875 0.048438 0.05000025
1 0.510938 0.25000025 0.05625 0.05312475
1 0.599219 0.24062524999999998 0.054688 0.05312475
1 0.586719 0.30156275 0.057813 0.05625
1 0.576562 0.36562474999999994 0.053125 0.05312475
1 0.563281 0.41249974999999994 0.051562 0.043749750000000004
1 0.565625 0.46406225 0.053125 0.05000025
0 0.557813 0.51718775 0.040625 0.0375
0 0.48906299999999997 0.532031 0.040625 0.0328125
1 0.490625 0.49687475000000003 0.05625 0.05312475
1 0.48906299999999997 0.4390625 0.059375 0.043749750000000004
1 0.49531200000000003 0.38515625 0.05625 0.05468775
2 0.501563 0.3226565 0.05625 0.04531275
1 0.286719 0.57265625 0.039062 0.03906225
1 0.275 0.6453125 0.059375 0.05625
1 0.348438 0.6125 0.04375 0.04062525
1 0.342969 0.6585935 0.048438 0.04843725
1 0.333594 0.7054685 0.051562 0.0515625
1 0.321094 0.75156275 0.054688 0.05000025
1 0.321875 0.8007815 0.05 0.0515625
1 0.271875 0.832031 0.05 0.05468775
1 0.272656 0.77500025 0.048438 0.05000025
1 0.271875 0.72734375 0.05625 0.0515625
1 0.350781 0.5031252500000001 0.032813 0.03125025
2 0.360938 0.45937474999999994 0.034375 0.028125
2 0.298438 0.4625 0.0375 0.03125025
1 0.285938 0.51171875 0.034375 0.035937750000000004
0 0.346875 0.55625 0.034375 0.0375
0 0.945312 0.59140625 0.034375 0.02968725
2 0.8929690000000001 0.61484375 0.039062 0.026562749999999996
