2 0.40625 0.5601559999999999 0.046875 0.0515625
2 0.391406 0.6226565 0.048438 0.0515625
2 0.433594 0.683594 0.057813 0.04843725
2 0.413281 0.725 0.045312 0.043749750000000004
2 0.390625 0.77500025 0.05 0.046875
2 0.347656 0.785156 0.048438 0.04843725
2 0.35 0.828125 0.046875 0.05000025
0 0.134375 0.28281275 0.04375 0.043749750000000004
0 0.10078099999999998 0.26249975000000003 0.035937 0.034374749999999996
0 0.101562 0.22968725 0.025 0.03125025
0 0.152344 0.2328125 0.029687 0.028125
0 0.1125 0.190625 0.028125 0.03125025
2 0.178125 0.17500025 0.04375 0.046875
0 0.160938 0.2007815 0.025 0.026562749999999996
0 0.202344 0.14999975000000002 0.042188 0.043749750000000004
1 0.723437 0.2984375 0.040625 0.034374749999999996
