1 0.550781 0.42734375 0.032813 0.035937750000000004
1 0.626563 0.42656225000000003 0.04375 0.04062525
1 0.613281 0.47421875 0.032813 0.0328125
1 0.54375 0.50703125 0.046875 0.04843725
1 0.610938 0.541406 0.05625 0.05468775
1 0.592187 0.60078125 0.05625 0.0515625
1 0.544531 0.61484375 0.051562 0.04843725
0 0.567187 0.62968775 0.03125 0.034374749999999996
1 0.535156 0.55859375 0.054688 0.0515625
1 0.544531 0.503906 0.045312 0.04843725
0 0.898438 0.269531 0.046875 0.04843725
0 0.901563 0.29531225 0.040625 0.043749750000000004
0 0.95 0.27656225 0.05 0.046875
0 0.903125 0.33828125 0.046875 0.0421875
0 0.026561999999999995 0.6210935 0.046875 0.035937750000000004
1 0.073438 0.60937475 0.046875 0.0375
2 0.292187 0.8578122499999999 0.065625 0.034374749999999996
