1 0.227344 0.46406225 0.070312 0.059375250000000004
1 0.307812 0.52578125 0.0875 0.0796875
1 0.20078100000000002 0.56328125 0.085938 0.0796875
1 0.307812 0.597656 0.065625 0.0609375
1 0.319531 0.6304684999999999 0.082812 0.08281275
1 0.286719 0.659375 0.085938 0.07187475
1 0.275781 0.7335935 0.076563 0.0796875
1 0.208594 0.69531275 0.079687 0.07812525000000001
0 0.208594 0.7562502500000001 0.057813 0.05000025
0 0.199219 0.62031275 0.082812 0.06875025
0 0.332031 0.42187475 0.054688 0.043749750000000004
1 0.350781 0.35703125 0.051562 0.05468775
2 0.299219 0.30468725 0.057813 0.06249975
2 0.40546899999999997 0.2703125 0.054688 0.046875
1 0.9664059999999999 0.346094 0.067187 0.09218775
1 0.963281 0.43671875 0.073438 0.08281275
1 0.932031 0.51250025 0.089063 0.07812525000000001
1 0.9539060000000001 0.4109375 0.089063 0.08124975
