1 0.42656299999999997 0.36640625 0.0375 0.035937750000000004
1 0.475 0.35078149999999997 0.03125 0.0328125
1 0.467187 0.3960935 0.040625 0.0328125
1 0.42265600000000003 0.40000025000000006 0.039062 0.0375
1 0.459375 0.434375 0.040625 0.04062525
1 0.44218799999999997 0.47421875 0.0375 0.035937750000000004
1 0.41406200000000004 0.44375 0.040625 0.034374749999999996
0 0.411719 0.5015622499999999 0.020313 0.028125
0 0.447656 0.503906 0.023438 0.0234375
0 0.447656 0.52656275 0.020313 0.01875
0 0.43671899999999997 0.552344 0.020313 0.020312249999999997
0 0.43281200000000003 0.578906 0.03125 0.026562749999999996
0 0.402344 0.58203125 0.032813 0.035937750000000004
0 0.396094 0.55468775 0.032813 0.0375
2 0.873437 0.77890625 0.034375 0.035937750000000004
2 0.8625 0.8062497499999999 0.03125 0.0375
0 0.885938 0.74062475 0.025 0.02499975
2 0.910156 0.76953125 0.035937 0.02968725
2 0.903125 0.8 0.034375 0.0375
2 0.895312 0.8343747499999999 0.0375 0.034374749999999996
2 0.863281 0.84374975 0.039062 0.0375
1 0.9757809999999999 0.434375 0.032813 0.03125025
1 0.960938 0.46953125 0.034375 0.035937750000000004
