2 0.634375 0.269531 0.068750 0.060937
2 0.556250 0.342969 0.065625 0.064062
2 0.639844 0.377344 0.067187 0.064062
2 0.556250 0.417187 0.065625 0.062500
2 0.560937 0.477344 0.065625 0.060937
2 0.633594 0.442188 0.064062 0.059375
2 0.621875 0.496094 0.056250 0.048438
0 0.567969 0.525000 0.039062 0.040625
0 0.634375 0.596094 0.046875 0.045312
0 0.637500 0.642188 0.043750 0.040625
0 0.607812 0.671094 0.059375 0.054688
0 0.578125 0.673438 0.043750 0.046875
0 0.566406 0.632812 0.042188 0.046875
1 0.553125 0.581250 0.062500 0.056250
1 0.631250 0.551562 0.065625 0.050000
2 0.351562 0.690625 0.040625 0.037500
2 0.357812 0.726562 0.021875 0.037500
2 0.290625 0.698438 0.050000 0.043750
2 0.292187 0.729688 0.050000 0.040625
2 0.298438 0.764062 0.043750 0.040625
2 0.354687 0.759375 0.050000 0.040625
2 0.344531 0.785937 0.051562 0.046875
1 0.330469 0.827344 0.045312 0.042188
1 0.285156 0.816406 0.045312 0.045312
