1 0.470313 0.24843725 0.0625 0.065625
1 0.55625 0.22187525 0.053125 0.05000025
2 0.46406200000000003 0.31484375 0.0625 0.057812249999999996
2 0.5375 0.30468725 0.059375 0.06249975
2 0.51875 0.363281 0.059375 0.05468775
1 0.465625 0.430469 0.05625 0.04531275
1 0.461719 0.48515600000000003 0.057813 0.0609375
0 0.528906 0.40468775 0.042188 0.04062525
0 0.528125 0.55000025 0.040625 0.04062525
0 0.490625 0.53593775 0.05 0.05000025
1 0.42109399999999997 0.58671875 0.023438 0.02968725
1 0.449219 0.6117185 0.020313 0.026562749999999996
1 0.417969 0.617969 0.029687 0.02968725
1 0.457031 0.565625 0.023438 0.02499975
2 0.885156 0.8390622499999999 0.067187 0.059375250000000004
2 0.46406200000000003 0.3734375 0.065625 0.059375250000000004
1 0.014844 0.672656 0.026561999999999995 0.04531275
1 0.032031 0.6734375 0.045312 0.04062525
1 0.025781 0.63125 0.029687 0.02499975
