2 0.273438 0.410156 0.034375 0.02968725
2 0.2375 0.46874975 0.053125 0.046875
2 0.221875 0.5 0.04375 0.0375
2 0.20703100000000002 0.54453125 0.057813 0.0421875
2 0.192188 0.59609375 0.059375 0.05468775
2 0.250781 0.5984375 0.051562 0.05000025
2 0.277344 0.5554685 0.057813 0.04843725
2 0.303125 0.51250025 0.053125 0.046875
2 0.315625 0.466406 0.040625 0.03906225
0 0.610938 0.149219 0.04375 0.035937750000000004
0 0.6 0.18359375 0.040625 0.03906225
0 0.613281 0.21640625 0.042188 0.04531275
0 0.190625 0.682031 0.05 0.0421875
0 0.848437 0.41875025 0.034375 0.03125025
0 0.829688 0.44375 0.034375 0.03125025
0 0.8273439999999999 0.47109349999999994 0.032813 0.035937750000000004
0 0.800781 0.475781 0.029687 0.035937750000000004
0 0.802344 0.439844 0.032813 0.0328125
0 0.799219 0.419531 0.032813 0.02968725
0 0.8054690000000001 0.3960935 0.029687 0.02968725
0 0.684375 0.157031 0.040625 0.0328125
