1 0.055469000000000004 0.2476565 0.064062 0.04843725
1 0.057031 0.3023435 0.048438 0.05468775
1 0.030469000000000003 0.32031275 0.054688 0.04062525
1 0.020313 0.36562474999999994 0.0375 0.05312475
1 0.459375 0.36640625 0.053125 0.0515625
1 0.541406 0.34687475 0.054688 0.05312475
1 0.53125 0.415625 0.059375 0.05625
1 0.532813 0.47890625 0.0625 0.057812249999999996
1 0.535937 0.532031 0.0625 0.06406275
1 0.525781 0.59140625 0.064062 0.04843725
1 0.46406200000000003 0.43515650000000006 0.059375 0.0515625
1 0.453125 0.49843775 0.05625 0.05625
1 0.466406 0.55000025 0.057813 0.059375250000000004
1 0.459375 0.6125 0.053125 0.065625
1 0.449219 0.664844 0.064062 0.05468775
1 0.507031 0.70468775 0.060937 0.05625
0 0.510156 0.6414065 0.051562 0.04843725
0 0.44375 0.7210940000000001 0.05 0.0515625
2 0.3375 0.6882815 0.053125 0.0515625
2 0.346875 0.7296875 0.04375 0.05000025
1 0.375781 0.7828122499999999 0.029687 0.0375
0 0.383594 0.8195315000000001 0.032813 0.02968725
0 0.382031 0.8507809999999999 0.032813 0.0328125
