1 0.785937 0.18749975000000002 0.053125 0.046875
2 0.513281 0.46171850000000003 0.051562 0.04531275
2 0.553125 0.44375 0.046875 0.046875
0 0.838281 0.3226565 0.048438 0.04843725
1 0.521094 0.5 0.032813 0.034374749999999996
1 0.571875 0.48203150000000006 0.03125 0.02968725
1 0.576562 0.528125 0.03125 0.028125
1 0.534375 0.55781225 0.03125 0.034374749999999996
1 0.534375 0.59999975 0.034375 0.03125025
1 0.528125 0.63749975 0.04375 0.0375
1 0.552344 0.6265625 0.032813 0.034374749999999996
1 0.582812 0.6226565 0.04375 0.0328125
1 0.596875 0.5890625 0.0375 0.034374749999999996
1 0.585938 0.56328125 0.028125 0.026562749999999996
