1 0.171094 0.26875024999999997 0.092188 0.084375
1 0.299219 0.275 0.082812 0.08124975
1 0.267188 0.34218724999999994 0.078125 0.07187475
1 0.148438 0.35624975000000003 0.084375 0.06875025
1 0.235156 0.41328125 0.079687 0.07343775
0 0.138281 0.42734375 0.057813 0.0515625
0 0.20781299999999997 0.48125 0.05625 0.05625
0 0.20781299999999997 0.477344 0.05625 0.057812249999999996
0 0.20546899999999998 0.550781 0.051562 0.04843725
0 0.10625 0.52656275 0.06875 0.059375250000000004
0 0.10703100000000002 0.5929685 0.057813 0.0515625
1 0.8101559999999999 0.67187525 0.054688 0.05312475
1 0.824219 0.72734375 0.057813 0.057812249999999996
1 0.8429689999999999 0.77890625 0.060937 0.057812249999999996
1 0.847656 0.83984375 0.054688 0.057812249999999996
1 0.788281 0.82031225 0.064062 0.059375250000000004
1 0.764062 0.76406225 0.059375 0.05625
1 0.753906 0.70625 0.054688 0.06249975
