1 0.661719 0.4109375 0.057813 0.043749750000000004
1 0.764844 0.37421899999999997 0.060937 0.0421875
1 0.752344 0.4335935 0.060937 0.04843725
1 0.746875 0.5031252500000001 0.05625 0.05000025
1 0.661719 0.47890625 0.060937 0.0515625
1 0.669531 0.5375 0.060937 0.05625
1 0.741406 0.56796875 0.057813 0.0515625
0 0.676562 0.5757815 0.034375 0.02968725
0 0.742188 0.60078125 0.0375 0.0328125
0 0.685156 0.67578125 0.029687 0.02968725
0 0.746875 0.69531275 0.0375 0.04062525
0 0.739062 0.73124975 0.05 0.05000025
0 0.69375 0.7210940000000001 0.05 0.04843725
0 0.184375 0.655469 0.04375 0.0421875
0 0.183594 0.6921875 0.045312 0.04062525
2 0.49375 0.728906 0.04375 0.04843725
1 0.527344 0.8078127500000001 0.032813 0.03125025
1 0.521875 0.8515625 0.040625 0.0375
1 0.577344 0.796094 0.032813 0.0328125
1 0.585156 0.83515625 0.035937 0.02968725
1 0.171094 0.51875 0.048438 0.043749750000000004
0 0.258594 0.2007815 0.051562 0.0515625
0 0.307812 0.2 0.05625 0.05000025
