1 0.485938 0.2234375 0.053125 0.05312475
1 0.540625 0.21718774999999998 0.059375 0.05312475
1 0.540625 0.284375 0.059375 0.05625
1 0.478906 0.31015625 0.054688 0.05468775
1 0.478906 0.36562474999999994 0.057813 0.05625
1 0.538281 0.3960935 0.054688 0.05468775
0 0.482031 0.40781225 0.042188 0.0375
0 0.539844 0.439844 0.039062 0.0328125
0 0.484375 0.4632815 0.0375 0.0328125
2 0.934375 0.65156225 0.0625 0.05000025
1 0.953125 0.7710934999999999 0.04375 0.04531275
1 0.945312 0.8085935 0.034375 0.035937750000000004
1 0.928125 0.8515625 0.053125 0.046875
1 0.98125 0.76093775 0.0375 0.0375
1 0.992188 0.8382815000000001 0.015625 0.06406275
1 0.990625 0.70000025 0.01875 0.05000025
