1 0.285156 0.41171900000000006 0.048438 0.0515625
1 0.228125 0.43203125 0.05625 0.04843725
1 0.278906 0.47968774999999997 0.060937 0.059375250000000004
1 0.22343799999999997 0.49140649999999997 0.0625 0.0609375
1 0.282031 0.53906225 0.064062 0.05625
1 0.239844 0.55625 0.051562 0.05000025
1 0.23671899999999998 0.616406 0.060937 0.0515625
0 0.292969 0.588281 0.054688 0.04531275
0 0.233594 0.6742190000000001 0.057813 0.057812249999999996
0 0.253125 0.7148435 0.046875 0.04843725
0 0.263281 0.7617185 0.048438 0.0515625
0 0.310156 0.7445315000000001 0.051562 0.04843725
0 0.314063 0.78828125 0.053125 0.0515625
1 0.252344 0.20234375 0.048438 0.0421875
0 0.661719 0.166406 0.054688 0.04843725
0 0.726562 0.16562525 0.05625 0.046875
0 0.652344 0.21093725000000002 0.051562 0.04062525
