0 0.052344 0.73203125 0.051562 0.0515625
0 0.085938 0.7070315 0.04375 0.02968725
1 0.11484399999999999 0.75468725 0.042188 0.04062525
1 0.057813 0.7710934999999999 0.059375 0.0421875
1 0.085156 0.80703125 0.057813 0.04843725
1 0.340625 0.21640625 0.04375 0.04843725
1 0.354687 0.271094 0.05 0.04531275
1 0.319531 0.252344 0.042188 0.02968725
1 0.307812 0.29999975 0.053125 0.046875
1 0.319531 0.3453125 0.045312 0.046875
0 0.353125 0.31406225 0.046875 0.04062525
0 0.335156 0.40000025000000006 0.032813 0.03125025
0 0.382812 0.40781225 0.034375 0.03125025
0 0.35 0.43281274999999997 0.028125 0.028125
1 0.670312 0.672656 0.05625 0.04843725
1 0.583594 0.62500025 0.051562 0.05000025
1 0.602344 0.65703125 0.048438 0.05468775
1 0.634375 0.69843725 0.046875 0.043749750000000004
1 0.664062 0.63359375 0.04375 0.0421875
0 0.5875 0.584375 0.0375 0.0375
0 0.645312 0.597656 0.040625 0.035937750000000004
0 0.638281 0.5554685 0.035937 0.035937750000000004
0 0.582031 0.5289065 0.032813 0.0328125
0 0.642969 0.5101565000000001 0.042188 0.0328125
0 0.58125 0.47031275000000006 0.034375 0.034374749999999996
0 0.9375 0.278906 0.05 0.0515625
0 0.915625 0.31484375 0.034375 0.03906225
0 0.9539060000000001 0.3132815 0.051562 0.04843725
1 0.972656 0.17968774999999998 0.054688 0.05625
0 0.915625 0.21093725000000002 0.028125 0.02499975
0 0.935937 0.23593775 0.0375 0.03125025
0 0.642188 0.7820315 0.046875 0.0515625
0 0.598437 0.78437525 0.04375 0.0375
