1 0.61875 0.55312475 0.040625 0.04062525
1 0.60625 0.6273440000000001 0.05625 0.04843725
1 0.590625 0.692969 0.059375 0.05468775
1 0.571875 0.749219 0.0625 0.0609375
1 0.546875 0.63749975 0.046875 0.05000025
1 0.535937 0.692969 0.059375 0.05468775
1 0.527344 0.74999975 0.057813 0.059375250000000004
2 0.559375 0.50781275 0.059375 0.059375250000000004
2 0.542188 0.57734375 0.05625 0.0515625
1 0.584375 0.40781225 0.040625 0.034374749999999996
1 0.634375 0.38593774999999997 0.0375 0.0375
1 0.588281 0.33281225000000003 0.042188 0.04062525
2 0.925781 0.8085935 0.070312 0.0703125
2 0.9507809999999999 0.766406 0.060937 0.0609375
0 0.88125 0.18281225 0.0375 0.04062525
0 0.949219 0.16796899999999998 0.032813 0.035937750000000004
