2 0.544531 0.32890625 0.051562 0.04531275
2 0.589063 0.33437525 0.04375 0.0375
2 0.609375 0.39062525 0.053125 0.05625
2 0.5375 0.40625 0.065625 0.065625
2 0.521094 0.48359375 0.070312 0.06406275
2 0.617969 0.46796899999999997 0.070312 0.057812249999999996
2 0.607812 0.54374975 0.06875 0.06875025
2 0.510156 0.5648435 0.073438 0.06718725
2 0.586719 0.608594 0.067187 0.0609375
2 0.503125 0.63359375 0.06875 0.06406275
0 0.358594 0.16171850000000002 0.029687 0.035937750000000004
0 0.358594 0.20312524999999998 0.032813 0.028125
0 0.342969 0.228125 0.039062 0.0375
0 0.346094 0.26796875 0.042188 0.0421875
1 0.536719 0.7328127500000001 0.026561999999999995 0.02499975
1 0.571875 0.74375 0.021875 0.01875
1 0.544531 0.76484375 0.020313 0.017187749999999998
1 0.575 0.7679690000000001 0.015625 0.020312249999999997
1 0.547656 0.785156 0.020313 0.0234375
1 0.546094 0.8046875 0.023438 0.02187525
1 0.55625 0.828125 0.021875 0.02187525
1 0.557031 0.846875 0.026561999999999995 0.01875
1 0.578906 0.8578122499999999 0.020313 0.01875
1 0.578906 0.8343747499999999 0.023438 0.02187525
1 0.582031 0.8140625 0.023438 0.02187525
1 0.579688 0.79218725 0.021875 0.02499975
