2 0.23906299999999997 0.47421875 0.059375 0.05468775
2 0.307812 0.51718775 0.0625 0.05000025
2 0.298438 0.57343775 0.0625 0.05312475
2 0.23671899999999998 0.5804690000000001 0.035937 0.0421875
2 0.2875 0.61953125 0.040625 0.0421875
2 0.282031 0.68437475 0.054688 0.05000025
2 0.219531 0.63125 0.048438 0.05000025
2 0.265625 0.74062475 0.05625 0.05312475
2 0.24531200000000003 0.79218725 0.053125 0.05312475
2 0.192188 0.7632815 0.059375 0.05468775
2 0.194531 0.70000025 0.057813 0.05312475
1 0.814063 0.44609375 0.05 0.0515625
1 0.803125 0.50234375 0.05625 0.04843725
1 0.733594 0.4726565 0.051562 0.04531275
1 0.725 0.51640625 0.05 0.0515625
1 0.721094 0.56796875 0.051562 0.04843725
1 0.785156 0.55781225 0.060937 0.05312475
1 0.777344 0.6117185 0.054688 0.04843725
1 0.767188 0.6625002500000001 0.05625 0.05312475
1 0.716406 0.6171875 0.051562 0.05312475
1 0.7 0.6679685 0.05 0.04843725
0 0.710156 0.70468775 0.035937 0.034374749999999996
0 0.744531 0.738281 0.042188 0.03906225
0 0.734375 0.77812475 0.046875 0.043749750000000004
0 0.69375 0.7820315 0.046875 0.04843725
0 0.685937 0.74140625 0.046875 0.0421875
