2 0.688281 0.51093725 0.051562 0.046875
2 0.750781 0.49765625 0.057813 0.05468775
2 0.676562 0.57656225 0.053125 0.05000025
2 0.744531 0.55781225 0.054688 0.05312475
2 0.738281 0.63125 0.064062 0.05000025
2 0.674219 0.6453125 0.045312 0.043749750000000004
2 0.663281 0.7007809999999999 0.054688 0.04843725
2 0.663281 0.7390625 0.039062 0.0375
2 0.647656 0.7625 0.054688 0.05312475
2 0.646094 0.8046875 0.051562 0.05625
2 0.68125 0.82031225 0.05625 0.05625
2 0.721094 0.79765625 0.051562 0.04843725
2 0.725781 0.73203125 0.039062 0.02968725
2 0.715625 0.7578125 0.046875 0.046875
2 0.734375 0.68984375 0.0375 0.035937750000000004
