1 0.235937 0.32890625 0.046875 0.04843725
1 0.2875 0.382031 0.05 0.0609375
1 0.292969 0.4390625 0.054688 0.05312475
2 0.24531200000000003 0.39453125 0.0625 0.04843725
1 0.242969 0.4632815 0.054688 0.057812249999999996
1 0.290625 0.5007815 0.06875 0.0609375
1 0.240625 0.53046875 0.059375 0.06406275
1 0.29375 0.55781225 0.06875 0.05312475
1 0.25 0.58281275 0.0625 0.05000025
0 0.30625 0.6078125 0.05 0.046875
0 0.255469 0.62812475 0.045312 0.043749750000000004
0 0.257031 0.67578125 0.057813 0.0515625
0 0.31875 0.65312525 0.04375 0.0375
0 0.321094 0.702344 0.057813 0.0609375
0 0.267969 0.7164065 0.057813 0.0515625
