2 0.417969 0.5984375 0.048438 0.05000025
2 0.388281 0.57656225 0.045312 0.05312475
1 0.432031 0.663281 0.051562 0.04843725
1 0.396094 0.66718775 0.035937 0.04062525
1 0.384375 0.7109375 0.046875 0.046875
1 0.43671899999999997 0.710156 0.045312 0.04531275
1 0.423438 0.74999975 0.05 0.05000025
1 0.378125 0.758594 0.053125 0.0515625
0 0.39375 0.4578125 0.040625 0.0375
0 0.366406 0.449219 0.035937 0.035937750000000004
0 0.408594 0.4257815 0.026561999999999995 0.02968725
0 0.40703100000000003 0.39453125 0.029687 0.02968725
0 0.365625 0.41484350000000003 0.028125 0.026562749999999996
1 0.329688 0.21875 0.04375 0.043749750000000004
1 0.38125 0.21093725000000002 0.04375 0.043749750000000004
1 0.382812 0.25625 0.046875 0.043749750000000004
1 0.335156 0.2664065 0.042188 0.03906225
1 0.341406 0.31093775 0.042188 0.043749750000000004
1 0.388281 0.289844 0.042188 0.03906225
1 0.394531 0.33437525 0.042188 0.0375
1 0.351562 0.35703125 0.040625 0.035937750000000004
2 0.782031 0.25703149999999997 0.048438 0.04531275
2 0.869531 0.20859350000000002 0.048438 0.0515625
2 0.8414059999999999 0.2421875 0.054688 0.046875
2 0.8289060000000001 0.2851565 0.048438 0.04531275
0 0.780469 0.28593725000000003 0.023438 0.02499975
0 0.776563 0.31874975 0.021875 0.034374749999999996
0 0.81875 0.34843775 0.034375 0.03125025
0 0.76875 0.35234375 0.028125 0.02968725
0 0.798438 0.40000025000000006 0.04375 0.04062525
0 0.767188 0.38437475 0.03125 0.0375
2 0.016406 0.528125 0.029687 0.05312475
2 0.022656 0.6601565 0.042188 0.04531275
2 0.021875 0.7007809999999999 0.040625 0.04531275
