1 0.530469 0.378125 0.057813 0.059375250000000004
1 0.59375 0.428906 0.0625 0.05468775
1 0.524219 0.44609375 0.060937 0.057812249999999996
1 0.595313 0.4765625 0.05 0.05625
0 0.539844 0.5046875 0.057813 0.05312475
0 0.595313 0.53437475 0.0625 0.059375250000000004
0 0.54375 0.5648435 0.05625 0.0609375
0 0.6125 0.584375 0.0375 0.0375
0 0.625 0.6359375 0.0375 0.0375
0 0.572656 0.6539059999999999 0.039062 0.03906225
0 0.632031 0.6828125 0.035937 0.0375
0 0.627344 0.7351565 0.051562 0.0515625
0 0.573438 0.7124997499999999 0.040625 0.0375
0 0.579688 0.7523435 0.053125 0.05468775
1 0.303906 0.78828125 0.045312 0.04843725
1 0.303906 0.8343747499999999 0.042188 0.043749750000000004
1 0.36875 0.8 0.046875 0.043749750000000004
1 0.367188 0.8343747499999999 0.040625 0.043749750000000004
0 0.309375 0.734375 0.040625 0.04062525
0 0.363281 0.75078125 0.029687 0.0328125
1 0.89375 0.49375025000000006 0.034375 0.03125025
1 0.934375 0.5046875 0.03125 0.02499975
1 0.9054689999999999 0.5375 0.029687 0.03125025
1 0.9445309999999999 0.54374975 0.032813 0.034374749999999996
1 0.910156 0.56406275 0.039062 0.028125
1 0.921875 0.5921877500000001 0.040625 0.034374749999999996
1 0.9554690000000001 0.5687502500000001 0.032813 0.03125025
2 0.167187 0.73203125 0.040625 0.035937750000000004
2 0.166406 0.7632815 0.035937 0.03906225
1 0.190625 0.8523440000000001 0.034375 0.02968725
1 0.153906 0.8554685 0.032813 0.02968725
0 0.154688 0.81640625 0.028125 0.026562749999999996
0 0.225781 0.3585935 0.042188 0.03906225
0 0.28125 0.34687475 0.04375 0.034374749999999996
0 0.051562 0.242969 0.0375 0.0328125
0 0.03125 0.26718725 0.0375 0.028125
0 0.0625 0.2140625 0.0375 0.04062525
0 0.052344 0.17343725000000002 0.039062 0.04062525
2 0.21484399999999998 0.74140625 0.032813 0.0421875
