2 0.700781 0.33749975 0.073438 0.05625
2 0.6875 0.39921875 0.06875 0.0703125
2 0.678906 0.46406225 0.073438 0.065625
2 0.665625 0.51875 0.071875 0.059375250000000004
2 0.597656 0.41718725 0.079687 0.06875025
0 0.672656 0.5648435 0.060937 0.0609375
1 0.5875 0.53125025 0.071875 0.06875025
1 0.590625 0.59687525 0.071875 0.06875025
1 0.671875 0.62812475 0.075 0.065625
1 0.453125 0.8109372499999999 0.028125 0.034374749999999996
1 0.585156 0.6453125 0.026561999999999995 0.03125025
1 0.585938 0.672656 0.025 0.0234375
1 0.60625 0.6882815 0.025 0.02968725
2 0.411719 0.8312502500000001 0.032813 0.0375
2 0.455469 0.8570315000000001 0.035937 0.035937750000000004
