1 0.596875 0.3585935 0.046875 0.0421875
1 0.650781 0.39921875 0.051562 0.04843725
1 0.658594 0.45546875 0.054688 0.04531275
1 0.657813 0.51250025 0.053125 0.05000025
1 0.603125 0.4335935 0.05 0.04843725
1 0.589063 0.48437525 0.05 0.05000025
1 0.594531 0.5328125 0.051562 0.05312475
0 0.828125 0.18359375 0.046875 0.04843725
0 0.780469 0.20703125 0.045312 0.04531275
0 0.828125 0.14531225 0.05 0.0375
0 0.023438 0.23125025 0.040625 0.043749750000000004
0 0.055469000000000004 0.27343775 0.032813 0.03125025
0 0.082812 0.33046849999999994 0.040625 0.03906225
0 0.076563 0.38046875 0.053125 0.05468775
0 0.064844 0.430469 0.057813 0.057812249999999996
0 0.60625 0.64687475 0.046875 0.04062525
0 0.663281 0.6640625 0.048438 0.043749750000000004
0 0.653906 0.70859375 0.045312 0.04531275
0 0.611719 0.69062525 0.048438 0.046875
1 0.336719 0.71328125 0.045312 0.03906225
1 0.39375 0.74609375 0.04375 0.04531275
1 0.359375 0.8515625 0.046875 0.046875
1 0.415625 0.8453127500000001 0.04375 0.043749750000000004
