1 0.25 0.23906225 0.0625 0.065625
1 0.192188 0.33281225000000003 0.06875 0.065625
1 0.175781 0.4203125 0.082812 0.07812525000000001
1 0.25625 0.43671875 0.0875 0.07343775
1 0.235937 0.5179685 0.090625 0.08593724999999999
1 0.153125 0.48828125 0.084375 0.07656225
1 0.157031 0.56249975 0.085938 0.07812525000000001
1 0.242188 0.597656 0.09375 0.08281275
1 0.164062 0.646094 0.090625 0.07656225
1 0.25625 0.6773434999999999 0.090625 0.08281275
0 0.289844 0.730469 0.070312 0.06406275
0 0.194531 0.71406275 0.054688 0.05312475
1 0.750781 0.76406225 0.039062 0.034374749999999996
1 0.713281 0.7796877500000001 0.032813 0.0375
1 0.746875 0.8156247499999999 0.040625 0.046875
1 0.710938 0.8265627500000001 0.040625 0.04062525
1 0.750781 0.85625 0.045312 0.0375
1 0.051562 0.75468725 0.040625 0.034374749999999996
0 0.267969 0.33359375 0.048438 0.04531275
0 0.397656 0.17343725000000002 0.035937 0.046875
0 0.350781 0.1632815 0.042188 0.03906225
