1 0.561719 0.29609375 0.051562 0.0421875
2 0.547656 0.363281 0.060937 0.0515625
2 0.611719 0.34296875 0.051562 0.04843725
2 0.60625 0.3960935 0.05625 0.04531275
2 0.534375 0.42421849999999994 0.059375 0.0609375
2 0.605469 0.4539065 0.057813 0.05468775
0 0.535937 0.47890625 0.059375 0.057812249999999996
2 0.582031 0.50234375 0.064062 0.05468775
1 0.590625 0.552344 0.059375 0.05468775
1 0.592187 0.5984375 0.05625 0.059375250000000004
0 0.50625 0.59140625 0.053125 0.057812249999999996
0 0.546875 0.62031275 0.05625 0.05000025
0 0.528125 0.5476565 0.0375 0.03906225
0 0.890625 0.20781275 0.0625 0.05625
0 0.964844 0.22265600000000002 0.045312 0.0421875
0 0.9125 0.25937525 0.05625 0.05625
0 0.957812 0.26406275 0.053125 0.05000025
2 0.283594 0.6625002500000001 0.042188 0.0375
2 0.330469 0.64296875 0.035937 0.0328125
2 0.275781 0.6976565000000001 0.042188 0.0421875
2 0.278125 0.73124975 0.040625 0.0375
2 0.325 0.6773434999999999 0.0375 0.03906225
2 0.321875 0.7124997499999999 0.034375 0.04062525
2 0.308594 0.75078125 0.042188 0.03906225
0 0.280469 0.76953125 0.039062 0.035937750000000004
2 0.420312 0.646094 0.04375 0.03906225
1 0.392188 0.74999975 0.028125 0.0375
1 0.40625 0.7828122499999999 0.034375 0.04062525
1 0.9679689999999999 0.1484375 0.060937 0.043749750000000004
1 0.9070310000000001 0.14375 0.054688 0.034374749999999996
0 0.614844 0.27421850000000003 0.032813 0.035937750000000004
