2 0.658594 0.625781 0.067187 0.0609375
2 0.745313 0.6398435 0.075 0.0609375
2 0.771094 0.5945315 0.064062 0.06406275
2 0.798438 0.54921875 0.065625 0.057812249999999996
2 0.709375 0.55000025 0.065625 0.06249975
2 0.733594 0.5101565000000001 0.064062 0.05468775
0 0.778125 0.4804685 0.05625 0.04843725
0 0.778906 0.43593724999999994 0.042188 0.04062525
1 0.746875 0.37656275000000006 0.04375 0.04062525
1 0.728906 0.3359375 0.051562 0.05000025
1 0.7375 0.27656225 0.046875 0.043749750000000004
1 0.7 0.271094 0.040625 0.035937750000000004
1 0.717969 0.372656 0.048438 0.04843725
2 0.514062 0.63828125 0.04375 0.0421875
2 0.539844 0.6882815 0.045312 0.0421875
2 0.585938 0.7164065 0.0375 0.04843725
2 0.555469 0.7328127500000001 0.032813 0.0375
2 0.588281 0.809375 0.048438 0.04062525
2 0.599219 0.84921875 0.042188 0.04843725
