1 0.585938 0.23906225 0.059375 0.06249975
2 0.590625 0.28750025 0.059375 0.06249975
1 0.685156 0.29531225 0.064062 0.059375250000000004
1 0.686719 0.355469 0.057813 0.057812249999999996
2 0.682031 0.44218775 0.070312 0.065625
1 0.603125 0.382031 0.071875 0.06718725
2 0.603125 0.4484375 0.078125 0.06249975
1 0.603906 0.5101565000000001 0.067187 0.06718725
0 0.603125 0.57265625 0.05625 0.057812249999999996
0 0.682813 0.54062525 0.0625 0.05625
0 0.682813 0.59375 0.06875 0.06875025
0 0.667188 0.6398435 0.04375 0.04531275
0 0.601562 0.62421875 0.046875 0.04843725
0 0.603125 0.66640625 0.040625 0.0515625
1 0.621875 0.7484375 0.05625 0.05625
0 0.673438 0.7242184999999999 0.04375 0.0515625
0 0.640625 0.8007815 0.046875 0.04843725
0 0.672656 0.7820315 0.048438 0.04843725
1 0.475781 0.7296875 0.042188 0.04062525
1 0.48515600000000003 0.78906275 0.042188 0.0375
0 0.4875 0.8507809999999999 0.0375 0.035937750000000004
0 0.9757809999999999 0.29609375 0.048438 0.0515625
0 0.95 0.33749975 0.053125 0.059375250000000004
1 0.477344 0.692969 0.035937 0.0421875
0 0.655469 0.85859375 0.042188 0.026562749999999996
