2 0.252344 0.28671875 0.051562 0.05468775
2 0.30625 0.36093725 0.059375 0.05312475
2 0.235156 0.3828125 0.048438 0.059375250000000004
2 0.292969 0.44375 0.048438 0.05000025
2 0.28125 0.51171875 0.065625 0.05468775
2 0.283594 0.57734375 0.076563 0.0703125
2 0.248438 0.63359375 0.084375 0.08593724999999999
2 0.185156 0.683594 0.073438 0.07343775
2 0.120313 0.7070315 0.0875 0.0796875
0 0.204687 0.71718725 0.059375 0.046875
0 0.180469 0.7593747499999999 0.051562 0.05312475
2 0.123438 0.62890625 0.075 0.07343775
2 0.134375 0.56796875 0.078125 0.0796875
2 0.171875 0.5148440000000001 0.06875 0.06406275
2 0.208594 0.46796899999999997 0.057813 0.057812249999999996
