0 0.875781 0.273438 0.045312 0.046875
0 0.861719 0.314063 0.039062 0.043750
0 0.889844 0.323437 0.045312 0.046875
2 0.957812 0.583594 0.053125 0.045312
2 0.960938 0.629687 0.050000 0.043750
1 0.963281 0.685937 0.051562 0.046875
1 0.970313 0.733594 0.053125 0.039062
0 0.978125 0.804688 0.034375 0.034375
0 0.977344 0.839063 0.045312 0.043750
2 0.533594 0.421094 0.029687 0.035937
2 0.525781 0.484375 0.035937 0.034375
2 0.478906 0.489844 0.035937 0.035937
2 0.480469 0.461719 0.032813 0.032813
2 0.478125 0.389062 0.028125 0.034375
0 0.478906 0.517969 0.029687 0.026562
0 0.489844 0.567969 0.023438 0.026562
0 0.512500 0.563281 0.021875 0.023438
0 0.518750 0.537500 0.031250 0.021875
0 0.480469 0.543750 0.020313 0.021875
