1 0.638281 0.38125025 0.045312 0.043749750000000004
1 0.714844 0.34765625 0.048438 0.04531275
1 0.709375 0.41328125 0.059375 0.04843725
1 0.700781 0.46406225 0.051562 0.05000025
1 0.697656 0.5140625 0.048438 0.05000025
1 0.692969 0.569531 0.057813 0.05468775
1 0.633594 0.44140625 0.051562 0.04843725
1 0.628125 0.4859375 0.05 0.05625
1 0.63125 0.5367184999999999 0.053125 0.0515625
0 0.634375 0.5945315 0.053125 0.04531275
0 0.634375 0.6414065 0.046875 0.0421875
0 0.695312 0.6210935 0.04375 0.03906225
0 0.702344 0.6679685 0.051562 0.0515625
0 0.640625 0.69062525 0.053125 0.05000025
0 0.684375 0.70859375 0.04375 0.04531275
1 0.191406 0.75546875 0.051562 0.057812249999999996
1 0.21640600000000002 0.7992185 0.064062 0.057812249999999996
1 0.167969 0.8101565000000001 0.057813 0.0515625
1 0.172656 0.8570315000000001 0.070312 0.035937750000000004
2 0.9148440000000001 0.5703125 0.092188 0.084375
2 0.885938 0.6742190000000001 0.1 0.08281275
0 0.8367190000000001 0.730469 0.064062 0.0609375
0 0.8 0.7726565 0.053125 0.05468775
0 0.828125 0.8195315000000001 0.065625 0.06406275
0 0.9679689999999999 0.17812475 0.064062 0.08124975
