2 0.61875 0.2648435 0.0625 0.057812249999999996
2 0.73125 0.340625 0.06875 0.05625
2 0.734375 0.4296875 0.065625 0.06249975
2 0.6375 0.38984375 0.065625 0.0609375
2 0.639844 0.46953125 0.060937 0.06406275
2 0.717187 0.5007815 0.06875 0.06718725
2 0.725781 0.56406275 0.070312 0.05625
2 0.646875 0.53593775 0.059375 0.05625
1 0.653906 0.599219 0.073438 0.0609375
1 0.666406 0.6640625 0.070312 0.065625
1 0.734375 0.6304684999999999 0.065625 0.07343775
2 0.392188 0.7070315 0.0625 0.057812249999999996
2 0.470313 0.82109375 0.046875 0.0421875
1 0.449219 0.7484375 0.026561999999999995 0.03125025
1 0.503906 0.76093775 0.032813 0.0375
0 0.83125 0.66640625 0.03125 0.0328125
1 0.78125 0.5007815 0.03125 0.026562749999999996
1 0.820312 0.561719 0.03125 0.035937750000000004
1 0.794531 0.53437475 0.029687 0.028125
0 0.840625 0.17421875 0.053125 0.04531275
2 0.533594 0.83515625 0.032813 0.035937750000000004
