1 0.328125 0.5796875 0.0625 0.05312475
1 0.244531 0.48281224999999994 0.067187 0.065625
1 0.307812 0.51875 0.0625 0.059375250000000004
1 0.253906 0.5664065 0.060937 0.057812249999999996
1 0.273438 0.62031275 0.059375 0.05312475
1 0.19375 0.509375 0.0625 0.05625
1 0.191406 0.5718747499999999 0.073438 0.059375250000000004
1 0.192969 0.61015625 0.064062 0.0515625
1 0.120313 0.58203125 0.065625 0.06406275
1 0.127344 0.51562475 0.070312 0.05625
1 0.199219 0.24843725 0.070312 0.06875025
1 0.957812 0.41484350000000003 0.084375 0.09218775
0 0.349219 0.67109375 0.048438 0.0421875
0 0.323437 0.7054685 0.05625 0.057812249999999996
0 0.302344 0.678125 0.051562 0.05312475
0 0.219531 0.771875 0.057813 0.046875
0 0.23828100000000002 0.730469 0.054688 0.05468775
0 0.178906 0.7484375 0.054688 0.05000025
0 0.176563 0.710156 0.053125 0.04531275
0 0.228125 0.35624975000000003 0.046875 0.0375
1 0.974219 0.5195315 0.051562 0.09531225
