1 0.588281 0.242969 0.045312 0.04843725
1 0.649219 0.2554685 0.051562 0.0421875
1 0.641406 0.20546899999999998 0.051562 0.0421875
1 0.583594 0.19843775 0.051562 0.046875
1 0.588281 0.288281 0.054688 0.04843725
1 0.585156 0.3359375 0.045312 0.046875
1 0.646094 0.35624975000000003 0.045312 0.046875
0 0.580469 0.40000025000000006 0.048438 0.046875
0 0.645312 0.42812525 0.0375 0.04062525
0 0.610938 0.449219 0.04375 0.057812249999999996
0 0.027344 0.147656 0.051562 0.0421875
0 0.038281 0.1859375 0.054688 0.05625
0 0.638281 0.46406225 0.039062 0.046875
0 0.350781 0.83593775 0.076563 0.07187475
