2 0.655469 0.55625 0.045312 0.043749750000000004
2 0.725 0.59375 0.046875 0.05312475
2 0.650781 0.61093775 0.048438 0.05000025
2 0.707031 0.64765625 0.051562 0.04843725
2 0.657031 0.66171875 0.051562 0.0515625
2 0.736719 0.5289065 0.039062 0.035937750000000004
2 0.066406 0.477344 0.045312 0.03906225
2 0.110937 0.5328125 0.046875 0.04062525
2 0.09375 0.57734375 0.04375 0.03906225
2 0.042188 0.5375 0.04375 0.04062525
2 0.082812 0.61953125 0.040625 0.03906225
2 0.060937 0.65312525 0.04375 0.0375
2 0.035156 0.588281 0.045312 0.0328125
2 0.028125 0.6304684999999999 0.04375 0.03906225
