0 0.545312 0.252344 0.028125 0.032813
0 0.546094 0.296875 0.035937 0.031250
0 0.491406 0.318750 0.032813 0.037500
0 0.545312 0.350781 0.043750 0.039062
0 0.485156 0.379688 0.045312 0.040625
0 0.538281 0.395313 0.048438 0.043750
0 0.494531 0.417969 0.045312 0.042188
0 0.473438 0.435156 0.050000 0.045312
0 0.529687 0.432812 0.043750 0.046875
1 0.724219 0.430469 0.042188 0.039062
2 0.730469 0.498437 0.057813 0.059375
2 0.783594 0.488281 0.048438 0.051562
1 0.714844 0.559375 0.070312 0.062500
2 0.775000 0.545312 0.059375 0.059375
2 0.695312 0.622656 0.062500 0.067187
2 0.753125 0.605469 0.059375 0.067187
1 0.767188 0.671094 0.065625 0.064062
2 0.692969 0.689063 0.070312 0.068750
1 0.746875 0.729688 0.068750 0.068750
0 0.713281 0.755469 0.067187 0.070312
2 0.991406 0.485938 0.017188 0.050000
