1 0.467187 0.5085934999999999 0.040625 0.035937750000000004
1 0.516406 0.5570315000000001 0.048438 0.03906225
1 0.516406 0.5984375 0.048438 0.043749750000000004
1 0.517969 0.644531 0.051562 0.04843725
1 0.4625 0.5554685 0.05 0.04531275
1 0.465625 0.6210935 0.046875 0.04531275
1 0.46093799999999996 0.67031225 0.046875 0.04062525
1 0.46093799999999996 0.711719 0.046875 0.03906225
1 0.513281 0.691406 0.054688 0.04531275
0 0.516406 0.72812525 0.039062 0.0375
0 0.457031 0.74375 0.039062 0.043749750000000004
0 0.455469 0.78359375 0.042188 0.04531275
0 0.482031 0.81875 0.048438 0.046875
0 0.524219 0.8015622499999999 0.042188 0.043749750000000004
0 0.516406 0.7632815 0.029687 0.0328125
0 0.9757809999999999 0.40078099999999994 0.048438 0.06718725
2 0.975 0.69843725 0.05 0.059375250000000004
2 0.979688 0.74687525 0.0375 0.04062525
2 0.972656 0.8046875 0.039062 0.04062525
1 0.9601559999999999 0.8382815000000001 0.032813 0.0328125
