1 0.614844 0.28750025 0.070312 0.059375250000000004
1 0.715625 0.33125 0.06875 0.06875025
1 0.798438 0.3492185 0.065625 0.0609375
1 0.917188 0.41796875 0.06875 0.06406275
1 0.9070310000000001 0.47109349999999994 0.064062 0.06406275
1 0.910156 0.5718747499999999 0.064062 0.06249975
1 0.601562 0.363281 0.065625 0.06718725
1 0.609375 0.42812525 0.065625 0.065625
1 0.697656 0.40078099999999994 0.070312 0.06406275
1 0.682031 0.457031 0.070312 0.0609375
1 0.700781 0.5234375 0.067187 0.06249975
1 0.617969 0.49218725 0.070312 0.06249975
1 0.627344 0.55625 0.073438 0.065625
0 0.657813 0.57734375 0.046875 0.04843725
0 0.703906 0.61406225 0.042188 0.046875
0 0.653906 0.6304684999999999 0.051562 0.035937750000000004
0 0.846875 0.56796875 0.04375 0.0421875
0 0.8429689999999999 0.6304684999999999 0.039062 0.03906225
0 0.907813 0.6226565 0.05 0.0421875
0 0.901563 0.6679685 0.040625 0.03906225
0 0.839844 0.6789065 0.045312 0.035937750000000004
1 0.26875 0.655469 0.046875 0.0421875
1 0.275781 0.6070309999999999 0.042188 0.0421875
1 0.325781 0.63281225 0.045312 0.034374749999999996
0 0.321875 0.68125025 0.040625 0.0375
0 0.314063 0.72265625 0.040625 0.03906225
0 0.267188 0.6875 0.03125 0.03125025
0 0.267188 0.73203125 0.0375 0.035937750000000004
1 0.428125 0.75546875 0.0375 0.035937750000000004
0 0.371094 0.76484375 0.035937 0.0328125
0 0.419531 0.79687475 0.032813 0.028125
1 0.369531 0.8015622499999999 0.048438 0.04062525
1 0.358594 0.83984375 0.048438 0.0421875
1 0.432031 0.82578125 0.042188 0.04531275
1 0.704688 0.824219 0.0375 0.0421875
1 0.68125 0.77890625 0.034375 0.03906225
