2 0.42265600000000003 0.299219 0.045312 0.0421875
2 0.478125 0.359375 0.040625 0.04062525
2 0.398438 0.36796850000000003 0.04375 0.04531275
2 0.461719 0.41171900000000006 0.045312 0.0421875
2 0.45 0.4523435 0.046875 0.04531275
2 0.43125 0.4898435 0.04375 0.035937750000000004
2 0.392188 0.42109399999999997 0.046875 0.04531275
2 0.382812 0.47109349999999994 0.05 0.0421875
2 0.172656 0.597656 0.048438 0.035937750000000004
2 0.228906 0.60937475 0.039062 0.0375
2 0.221875 0.672656 0.0375 0.035937750000000004
2 0.2125 0.7203125 0.04375 0.034374749999999996
2 0.217188 0.7593747499999999 0.046875 0.0375
2 0.21484399999999998 0.79843775 0.042188 0.043749750000000004
2 0.195312 0.824219 0.04375 0.04843725
2 0.15 0.74218775 0.046875 0.04062525
2 0.149219 0.7726565 0.048438 0.03906225
2 0.163281 0.8039059999999999 0.042188 0.03906225
