1 0.66875 0.34218724999999994 0.084375 0.075
1 0.792969 0.299219 0.085938 0.08281275
1 0.755469 0.38125025 0.085938 0.075
1 0.659375 0.40625 0.084375 0.07187475
1 0.641406 0.471875 0.076563 0.06249975
0 0.713281 0.43281274999999997 0.048438 0.04062525
0 0.705469 0.51171875 0.045312 0.04531275
0 0.688281 0.56328125 0.048438 0.05468775
0 0.633594 0.52968725 0.051562 0.043749750000000004
0 0.633594 0.6226565 0.048438 0.0421875
0 0.636719 0.66640625 0.054688 0.05468775
0 0.708594 0.644531 0.051562 0.04843725
0 0.6875 0.6921875 0.059375 0.06249975
1 0.745313 0.7679690000000001 0.059375 0.0515625
1 0.7375 0.809375 0.0625 0.05000025
1 0.8195309999999999 0.8382815000000001 0.060937 0.05468775
1 0.9039059999999999 0.550781 0.051562 0.0421875
1 0.8898439999999999 0.57812525 0.042188 0.046875
1 0.898438 0.62343725 0.0375 0.04062525
1 0.928125 0.60078125 0.040625 0.0421875
0 0.9382810000000001 0.644531 0.035937 0.02968725
1 0.896875 0.505469 0.05 0.04531275
1 0.909375 0.46015625 0.046875 0.04531275
1 0.817969 0.7898435 0.039062 0.0328125
1 0.734375 0.8554685 0.0625 0.03906225
