2 0.44531200000000004 0.35156225 0.059375 0.065625
2 0.46875 0.4070315 0.059375 0.05468775
2 0.41875 0.4109375 0.06875 0.059375250000000004
2 0.444531 0.46171850000000003 0.067187 0.0515625
2 0.44375 0.54453125 0.053125 0.0515625
1 0.378906 0.524219 0.051562 0.0515625
1 0.40156200000000003 0.56718725 0.05 0.046875
1 0.392969 0.60625025 0.057813 0.046875
1 0.357031 0.565625 0.054688 0.05000025
1 0.8835940000000001 0.17421875 0.048438 0.05468775
1 0.95 0.18749975000000002 0.05 0.043749750000000004
1 0.925781 0.23046875 0.048438 0.0515625
1 0.882812 0.21718774999999998 0.0375 0.0375
1 0.854688 0.25312475 0.046875 0.046875
1 0.834375 0.2984375 0.05 0.043749750000000004
0 0.8976559999999999 0.28593725000000003 0.035937 0.03125025
0 0.879687 0.31562524999999997 0.03125 0.03125025
0 0.853906 0.36640625 0.048438 0.03906225
0 0.823438 0.38437475 0.046875 0.043749750000000004
0 0.789844 0.35781275 0.042188 0.043749750000000004
2 0.8429689999999999 0.57265625 0.045312 0.035937750000000004
