1 0.28125 0.2515625 0.053125 0.04062525
1 0.35625 0.29999975 0.04375 0.043749750000000004
1 0.285938 0.33749975 0.05 0.046875
1 0.355469 0.39140600000000003 0.057813 0.05468775
1 0.275781 0.41328125 0.057813 0.04843725
1 0.346094 0.47890625 0.054688 0.04843725
1 0.266406 0.49296875 0.060937 0.05468775
1 0.327344 0.5476565 0.067187 0.0609375
1 0.282813 0.5929685 0.06875 0.06718725
1 0.235937 0.54921875 0.065625 0.0609375
1 0.22968700000000003 0.61093775 0.065625 0.06249975
0 0.289844 0.6453125 0.051562 0.043749750000000004
0 0.233594 0.65781275 0.051562 0.0375
0 0.213281 0.7164065 0.054688 0.057812249999999996
1 0.270313 0.69843725 0.065625 0.065625
