2 0.179688 0.28203125 0.078125 0.07343775
2 0.273438 0.31015625 0.08125 0.07656225
2 0.249219 0.39531275 0.089063 0.07812525000000001
2 0.169531 0.355469 0.079687 0.0796875
2 0.139844 0.428906 0.089063 0.08593724999999999
2 0.21875 0.47968774999999997 0.08125 0.07187475
2 0.117188 0.5046875 0.090625 0.075
1 0.208594 0.56249975 0.082812 0.084375
1 0.099219 0.5929685 0.104688 0.0796875
1 0.20078100000000002 0.65703125 0.082812 0.0796875
1 0.090625 0.69062525 0.078125 0.07187475
0 0.190625 0.74062475 0.065625 0.07187475
1 0.708594 0.79218725 0.039062 0.043749750000000004
1 0.778125 0.832031 0.0375 0.04531275
1 0.689844 0.8476565 0.051562 0.0515625
0 0.96875 0.55937525 0.0625 0.059375250000000004
