2 0.458594 0.284375 0.067187 0.065625
2 0.48906299999999997 0.34843775 0.06875 0.075
2 0.435937 0.35624975000000003 0.065625 0.06875025
2 0.471094 0.41406275 0.067187 0.06875025
2 0.484375 0.5148440000000001 0.0625 0.057812249999999996
1 0.415625 0.49140649999999997 0.053125 0.057812249999999996
1 0.44375 0.54062525 0.053125 0.05625
1 0.440625 0.584375 0.059375 0.05312475
1 0.40156200000000003 0.5382815 0.05625 0.05468775
1 0.929688 0.15937475 0.05625 0.05000025
0 0.964063 0.2421875 0.05 0.046875
0 0.928125 0.26718725 0.053125 0.043749750000000004
0 0.889062 0.2375 0.053125 0.05000025
0 0.982812 0.17968774999999998 0.034375 0.034374749999999996
0 0.916406 0.19375024999999998 0.048438 0.04062525
