2 0.20781299999999997 0.40468775 0.06875 0.065625
2 0.292969 0.38046875 0.057813 0.0609375
2 0.8101559999999999 0.1578125 0.042188 0.0375
2 0.855469 0.20312524999999998 0.035937 0.04062525
2 0.8289060000000001 0.25859375 0.045312 0.04843725
2 0.778125 0.22578125 0.046875 0.03906225
2 0.75625 0.2664065 0.05 0.0421875
2 0.80625 0.299219 0.046875 0.04531275
2 0.782813 0.34375025 0.04375 0.05312475
1 0.288281 0.44999975000000003 0.039062 0.043749750000000004
1 0.22109399999999998 0.466406 0.042188 0.03906225
1 0.276562 0.5148440000000001 0.040625 0.0328125
1 0.203125 0.5273435 0.040625 0.035937750000000004
0 0.249219 0.588281 0.032813 0.035937750000000004
0 0.23046899999999998 0.6398435 0.039062 0.035937750000000004
1 0.178906 0.603125 0.048438 0.046875
1 0.141406 0.6546875 0.054688 0.05000025
1 0.2 0.7093752500000001 0.05 0.043749750000000004
1 0.157031 0.75546875 0.070312 0.0609375
1 0.123438 0.71718725 0.065625 0.06249975
