2 0.65625 0.3078125 0.084375 0.075
2 0.623437 0.38593774999999997 0.075 0.065625
2 0.716406 0.36093725 0.060937 0.059375250000000004
1 0.692969 0.434375 0.070312 0.065625
1 0.594531 0.46953125 0.076563 0.07343775
2 0.570312 0.5515625 0.06875 0.075
2 0.569531 0.63437525 0.070312 0.07187475
2 0.664844 0.5984375 0.073438 0.06875025
2 0.660156 0.52968725 0.064062 0.07187475
1 0.7875 0.166406 0.05 0.04531275
0 0.364063 0.1484375 0.053125 0.043749750000000004
0 0.39375 0.17500025 0.04375 0.043749750000000004
0 0.848437 0.177344 0.0375 0.0421875
2 0.567187 0.35312525000000006 0.04375 0.043749750000000004
2 0.567187 0.40000025000000006 0.0375 0.0375
