1 0.142969 0.40937524999999997 0.082812 0.07187475
1 0.228125 0.34453100000000003 0.071875 0.07343775
1 0.198437 0.5015622499999999 0.05 0.043749750000000004
0 0.267188 0.44765599999999994 0.0375 0.03906225
0 0.275781 0.53125025 0.042188 0.043749750000000004
0 0.20703100000000002 0.5742185 0.045312 0.0421875
0 0.286719 0.589844 0.042188 0.04531275
0 0.29375 0.65156225 0.046875 0.043749750000000004
0 0.301563 0.69374975 0.071875 0.07187475
0 0.272656 0.75468725 0.070312 0.07187475
0 0.203906 0.7679690000000001 0.079687 0.08281275
0 0.224219 0.7093752500000001 0.039062 0.043749750000000004
0 0.21484399999999998 0.65 0.045312 0.043749750000000004
2 0.8742189999999999 0.608594 0.079687 0.06406275
