1 0.174219 0.44375 0.064062 0.059375250000000004
1 0.139844 0.509375 0.082812 0.07812525000000001
1 0.23203100000000002 0.490625 0.064062 0.059375250000000004
1 0.234375 0.55390625 0.078125 0.06718725
1 0.1125 0.5601559999999999 0.08125 0.07656225
1 0.128125 0.63359375 0.08125 0.07656225
1 0.183594 0.6789065 0.082812 0.0703125
1 0.21484399999999998 0.64843775 0.079687 0.06875025
0 0.24531200000000003 0.430469 0.053125 0.04843725
0 0.192969 0.372656 0.060937 0.057812249999999996
1 0.46953100000000003 0.719531 0.054688 0.05468775
1 0.552344 0.71796875 0.051562 0.057812249999999996
1 0.517969 0.7617185 0.054688 0.057812249999999996
1 0.47343799999999997 0.777344 0.053125 0.057812249999999996
0 0.527344 0.8085935 0.045312 0.04843725
1 0.514844 0.85390625 0.060937 0.0421875
1 0.78125 0.25078100000000003 0.0625 0.05468775
0 0.760156 0.2945315 0.039062 0.0421875
0 0.848437 0.2007815 0.046875 0.0421875
0 0.88125 0.15156275 0.053125 0.043749750000000004
0 0.832812 0.16562525 0.078125 0.065625
1 0.4625 0.23437475000000002 0.034375 0.034374749999999996
1 0.507812 0.25859375 0.0375 0.035937750000000004
1 0.510938 0.29609375 0.034375 0.02968725
1 0.467187 0.278906 0.034375 0.02968725
0 0.314844 0.213281 0.023438 0.0328125
0 0.711719 0.24453125 0.032813 0.0421875
