2 0.496094 0.34218724999999994 0.051562 0.043749750000000004
2 0.546875 0.3734375 0.053125 0.04062525
2 0.484375 0.38828150000000006 0.046875 0.0421875
2 0.478125 0.4164065 0.03125 0.02968725
2 0.530469 0.3960935 0.035937 0.0328125
1 0.475781 0.4578125 0.032813 0.034374749999999996
1 0.539062 0.51562475 0.046875 0.043749750000000004
1 0.471094 0.52578125 0.039062 0.0421875
1 0.478906 0.4898435 0.039062 0.035937750000000004
1 0.503125 0.52109375 0.034375 0.04843725
2 0.621875 0.6070309999999999 0.046875 0.04843725
2 0.554688 0.635156 0.040625 0.0421875
1 0.604688 0.69843725 0.03125 0.03125025
1 0.547656 0.715625 0.029687 0.034374749999999996
1 0.547656 0.7445315000000001 0.032813 0.026562749999999996
1 0.553906 0.76562525 0.039062 0.03125025
1 0.557031 0.8015622499999999 0.042188 0.0375
1 0.584375 0.83515625 0.04375 0.04843725
1 0.6 0.796094 0.04375 0.04531275
1 0.602344 0.73124975 0.035937 0.02187525
0 0.784375 0.4257815 0.06875 0.0421875
0 0.910156 0.48828125 0.039062 0.0328125
0 0.896094 0.53906225 0.042188 0.04062525
0 0.8875 0.58593725 0.059375 0.059375250000000004
0 0.9617190000000001 0.578906 0.039062 0.04531275
0 0.973437 0.5195315 0.0375 0.0328125
0 0.976562 0.62500025 0.046875 0.05625
0 0.93125 0.6421872499999999 0.059375 0.05625
0 0.889062 0.63125 0.059375 0.05312475
