0 0.20625 0.22109375 0.04375 0.04843725
0 0.167187 0.16562525 0.053125 0.05000025
0 0.20703100000000002 0.177344 0.048438 0.04531275
0 0.311719 0.6117185 0.051562 0.04531275
0 0.277344 0.6453125 0.057813 0.046875
0 0.24765600000000002 0.62812475 0.057813 0.043749750000000004
0 0.257031 0.58281275 0.042188 0.0375
0 0.305469 0.55468775 0.039062 0.034374749999999996
0 0.303906 0.51250025 0.032813 0.028125
0 0.8039059999999999 0.64687475 0.054688 0.05000025
0 0.8125 0.5984375 0.053125 0.04062525
0 0.803125 0.69531275 0.059375 0.046875
1 0.296094 0.33437525 0.035937 0.0375
1 0.239844 0.35 0.035937 0.034374749999999996
1 0.2375 0.41796875 0.05625 0.04843725
1 0.307031 0.3960935 0.045312 0.0515625
1 0.301563 0.449219 0.053125 0.0515625
1 0.255469 0.45625024999999997 0.042188 0.04062525
1 0.244531 0.5046875 0.054688 0.05625
1 0.252344 0.550781 0.051562 0.04531275
1 0.8367190000000001 0.48828125 0.064062 0.0609375
1 0.8148440000000001 0.552344 0.054688 0.04843725
1 0.825 0.43281274999999997 0.04375 0.04062525
1 0.8507809999999999 0.3320315 0.060937 0.04531275
1 0.864844 0.289844 0.039062 0.0421875
1 0.790625 0.4523435 0.05625 0.0515625
0 0.246875 0.14531225 0.06875 0.0375
