2 0.082031 0.3132815 0.085938 0.06718725
2 0.194531 0.32109350000000003 0.073438 0.06406275
1 0.195312 0.36640625 0.065625 0.057812249999999996
1 0.080469 0.3734375 0.079687 0.07187475
1 0.092188 0.46171850000000003 0.084375 0.07343775
1 0.201563 0.428906 0.075 0.06718725
1 0.192969 0.50781275 0.079687 0.065625
1 0.089063 0.55390625 0.08125 0.06718725
0 0.192969 0.5757815 0.073438 0.06406275
0 0.1 0.61484375 0.04375 0.03906225
0 0.192188 0.6414065 0.05 0.0421875
0 0.203906 0.69531275 0.079687 0.06875025
0 0.21640600000000002 0.8039059999999999 0.070312 0.06406275
0 0.144531 0.7671875 0.067187 0.075
0 0.105469 0.683594 0.048438 0.03906225
