2 0.24765600000000002 0.29999975 0.073438 0.059375250000000004
2 0.365625 0.27421850000000003 0.0625 0.0421875
2 0.351562 0.34687475 0.0625 0.05625
2 0.2375 0.372656 0.06875 0.0609375
2 0.342969 0.4203125 0.070312 0.059375250000000004
2 0.242188 0.44218775 0.0625 0.059375250000000004
2 0.23906299999999997 0.5015622499999999 0.065625 0.059375250000000004
2 0.330469 0.4859375 0.067187 0.06249975
0 0.310156 0.5335940000000001 0.048438 0.0421875
0 0.235156 0.552344 0.048438 0.0421875
0 0.232813 0.608594 0.053125 0.04531275
0 0.239844 0.65156225 0.051562 0.043749750000000004
0 0.296875 0.64296875 0.05 0.04843725
1 0.307812 0.59062475 0.06875 0.05312475
0 0.900781 0.24062524999999998 0.067187 0.05625
0 0.860938 0.269531 0.059375 0.0609375
0 0.910156 0.275 0.067187 0.059375250000000004
