1 0.616406 0.59140625 0.042188 0.0421875
1 0.671875 0.6187497499999999 0.0375 0.04062525
1 0.620313 0.64843775 0.04375 0.043749750000000004
1 0.671094 0.659375 0.054688 0.05000025
1 0.664062 0.69453125 0.04375 0.04531275
1 0.646875 0.72656225 0.04375 0.046875
1 0.596875 0.678125 0.046875 0.046875
1 0.604688 0.7124997499999999 0.046875 0.04062525
2 0.328906 0.21875 0.029687 0.03125025
2 0.35 0.27265625 0.028125 0.0328125
2 0.340625 0.29999975 0.03125 0.034374749999999996
2 0.335156 0.32500025 0.032813 0.02499975
2 0.313281 0.27265625 0.032813 0.0328125
