1 0.357031 0.31874975 0.064062 0.059375250000000004
1 0.266406 0.36093725 0.060937 0.05000025
1 0.249219 0.43203125 0.064062 0.04843725
1 0.342187 0.40468775 0.0625 0.05625
1 0.23203100000000002 0.49453099999999994 0.064062 0.057812249999999996
1 0.334375 0.47500025 0.05625 0.05625
1 0.3125 0.52656275 0.0625 0.059375250000000004
1 0.30625 0.58593725 0.065625 0.059375250000000004
1 0.23046899999999998 0.55000025 0.060937 0.059375250000000004
1 0.225781 0.61484375 0.064062 0.06406275
0 0.304688 0.64765625 0.040625 0.04843725
0 0.22109399999999998 0.67968725 0.060937 0.05312475
0 0.3 0.69843725 0.0375 0.04062525
0 0.610156 0.16796899999999998 0.054688 0.0515625
