1 0.3375 0.35624975000000003 0.0375 0.034374749999999996
1 0.284375 0.37421899999999997 0.034375 0.0328125
1 0.346875 0.41484350000000003 0.040625 0.04531275
1 0.285938 0.43828100000000003 0.046875 0.04531275
1 0.303906 0.47421875 0.039062 0.03906225
1 0.344531 0.466406 0.051562 0.04843725
1 0.291406 0.5203122499999999 0.051562 0.05000025
1 0.303906 0.5609375 0.045312 0.05000025
0 0.352344 0.5249997499999999 0.032813 0.03125025
0 0.353906 0.565625 0.029687 0.0375
0 0.360156 0.61953125 0.048438 0.03906225
0 0.33125 0.65234375 0.05 0.04843725
0 0.302344 0.635156 0.048438 0.0421875
0 0.251563 0.25390625 0.040625 0.04843725
0 0.251563 0.2140625 0.0375 0.034374749999999996
0 0.2125 0.203906 0.046875 0.04843725
0 0.275 0.171875 0.040625 0.05000025
0 0.24609399999999998 0.17578100000000002 0.048438 0.0609375
0 0.20703100000000002 0.157031 0.048438 0.04843725
2 0.8367190000000001 0.47421875 0.054688 0.04843725
1 0.863281 0.27656225 0.042188 0.0375
1 0.81875 0.53125025 0.053125 0.05312475
1 0.8195309999999999 0.4164065 0.039062 0.03906225
0 0.8148440000000001 0.578906 0.045312 0.04531275
0 0.8101559999999999 0.6273440000000001 0.051562 0.0515625
0 0.8148440000000001 0.67187525 0.054688 0.05312475
