2 0.539844 0.31874975 0.042188 0.028125
2 0.46875 0.3359375 0.034375 0.034374749999999996
2 0.534375 0.37578125 0.0375 0.0328125
2 0.467187 0.40625 0.046875 0.05312475
2 0.46093799999999996 0.4632815 0.053125 0.04843725
2 0.535156 0.43515650000000006 0.042188 0.035937750000000004
2 0.532813 0.48828125 0.04375 0.03906225
2 0.458594 0.51093725 0.048438 0.046875
2 0.530469 0.53125025 0.051562 0.043749750000000004
2 0.516406 0.58281275 0.048438 0.046875
2 0.465625 0.5601559999999999 0.05 0.04843725
1 0.504687 0.62968775 0.05 0.046875
1 0.449219 0.63437525 0.048438 0.046875
1 0.823438 0.16796899999999998 0.0625 0.0703125
0 0.89375 0.1859375 0.05 0.046875
0 0.8445310000000001 0.21562475 0.045312 0.046875
0 0.864062 0.2554685 0.046875 0.04843725
0 0.9039059999999999 0.2273435 0.048438 0.04531275
1 0.65625 0.325781 0.025 0.02968725
1 0.685156 0.321875 0.023438 0.02499975
1 0.655469 0.2984375 0.026561999999999995 0.02499975
1 0.652344 0.27265625 0.026561999999999995 0.026562749999999996
1 0.683594 0.2703125 0.029687 0.03125025
1 0.68125 0.2929685 0.028125 0.02968725
2 0.655469 0.24609350000000002 0.026561999999999995 0.0328125
2 0.685937 0.241406 0.03125 0.026562749999999996
