2 0.64375 0.5718747499999999 0.046875 0.046875
2 0.710156 0.5796875 0.048438 0.0375
2 0.660156 0.61406225 0.048438 0.046875
2 0.719531 0.62500025 0.045312 0.043749750000000004
2 0.724219 0.6679685 0.045312 0.04531275
2 0.66875 0.664844 0.040625 0.035937750000000004
2 0.659375 0.69843725 0.040625 0.043749750000000004
2 0.720313 0.70625 0.0375 0.0375
2 0.666406 0.728906 0.039062 0.035937750000000004
1 0.672656 0.7632815 0.039062 0.0421875
1 0.686719 0.8007815 0.045312 0.0421875
1 0.717187 0.77421875 0.04375 0.0421875
1 0.719531 0.73671875 0.051562 0.0328125
1 0.920312 0.22031225000000002 0.071875 0.05625
1 0.921875 0.28671875 0.065625 0.057812249999999996
1 0.973437 0.32500025 0.053125 0.065625
0 0.94375 0.36796850000000003 0.04375 0.035937750000000004
0 0.8898439999999999 0.37187525 0.042188 0.0375
0 0.93125 0.4070315 0.046875 0.035937750000000004
0 0.871875 0.41796875 0.0375 0.0328125
0 0.880469 0.45625024999999997 0.060937 0.05312475
0 0.9226560000000001 0.48437525 0.054688 0.04062525
