0 0.353906 0.65234375 0.042188 0.03906225
0 0.3125 0.655469 0.04375 0.0421875
0 0.296094 0.63437525 0.048438 0.043749750000000004
1 0.360938 0.58750025 0.053125 0.046875
1 0.303906 0.59375 0.051562 0.05000025
1 0.310937 0.550781 0.05625 0.057812249999999996
1 0.372656 0.53984375 0.054688 0.0515625
1 0.394531 0.49375025000000006 0.054688 0.046875
1 0.40156200000000003 0.4390625 0.05 0.046875
1 0.4375 0.37734349999999994 0.046875 0.04843725
1 0.342187 0.40312475000000003 0.05 0.046875
1 0.328906 0.46093775 0.051562 0.05312475
1 0.3125 0.50624975 0.053125 0.05312475
0 0.079687 0.2609375 0.071875 0.065625
0 0.046875 0.32812475 0.071875 0.06249975
1 0.036719 0.16796899999999998 0.070312 0.08281275
0 0.228906 0.25625 0.057813 0.059375250000000004
1 0.315625 0.261719 0.059375 0.06718725
2 0.428125 0.26328125 0.065625 0.07343775
