2 0.7 0.55781225 0.053125 0.043749750000000004
2 0.773438 0.57734375 0.05625 0.05468775
1 0.714063 0.6156252500000001 0.034375 0.04062525
2 0.695312 0.6585935 0.053125 0.04843725
2 0.710156 0.702344 0.048438 0.0421875
2 0.70625 0.73671875 0.05 0.04843725
2 0.771875 0.6320315 0.05 0.04531275
2 0.771094 0.67578125 0.048438 0.0421875
2 0.764062 0.725 0.046875 0.05312475
2 0.730469 0.7671875 0.048438 0.05000025
0 0.9664059999999999 0.261719 0.067187 0.06406275
1 0.746094 0.51640625 0.032813 0.0328125
2 0.892188 0.14375 0.08125 0.034374749999999996
