2 0.386719 0.3695315 0.060937 0.06406275
2 0.386719 0.44062475 0.057813 0.05312475
2 0.430469 0.477344 0.060937 0.05468775
2 0.420312 0.532031 0.0625 0.057812249999999996
1 0.41718700000000003 0.584375 0.053125 0.046875
1 0.42109399999999997 0.6304684999999999 0.054688 0.04843725
1 0.382031 0.66875 0.057813 0.059375250000000004
1 0.346875 0.62968775 0.059375 0.05625
1 0.34375 0.5796875 0.059375 0.05625
1 0.382031 0.51640625 0.029687 0.035937750000000004
0 0.9773440000000001 0.20546899999999998 0.029687 0.026562749999999996
