2 0.399219 0.4015625 0.057813 0.06249975
2 0.302344 0.45078125 0.054688 0.05468775
2 0.389844 0.4992185 0.067187 0.057812249999999996
2 0.363281 0.565625 0.073438 0.059375250000000004
2 0.296094 0.5148440000000001 0.060937 0.05468775
2 0.278125 0.578906 0.06875 0.05468775
2 0.340625 0.6226565 0.065625 0.05468775
1 0.335156 0.66718775 0.064062 0.05625
1 0.24765600000000002 0.6828125 0.060937 0.059375250000000004
0 0.279687 0.61953125 0.046875 0.03906225
0 0.24765600000000002 0.730469 0.048438 0.0421875
0 0.314063 0.71796875 0.05 0.0421875
0 0.507812 0.14999975000000002 0.03125 0.034374749999999996
1 0.867188 0.5382815 0.0375 0.035937750000000004
1 0.848437 0.56718725 0.034375 0.04062525
