2 0.451562 0.2101565 0.05 0.04843725
2 0.517188 0.19296875 0.046875 0.0421875
2 0.464844 0.25390625 0.051562 0.04843725
2 0.522656 0.242969 0.054688 0.03906225
2 0.521094 0.28124975 0.048438 0.043749750000000004
2 0.471094 0.2984375 0.048438 0.046875
1 0.526563 0.32421875 0.053125 0.03906225
1 0.477344 0.35078149999999997 0.048438 0.04531275
1 0.48125 0.39921875 0.053125 0.04531275
1 0.513281 0.37656275000000006 0.039062 0.0375
2 0.357812 0.41406275 0.04375 0.04062525
2 0.424219 0.457031 0.039062 0.0421875
2 0.383594 0.50624975 0.045312 0.04062525
2 0.432031 0.54453125 0.054688 0.057812249999999996
2 0.396094 0.57656225 0.042188 0.04062525
2 0.44375 0.6078125 0.053125 0.046875
2 0.389844 0.644531 0.051562 0.05468775
2 0.391406 0.70390625 0.060937 0.0515625
2 0.45390600000000003 0.6656247499999999 0.054688 0.05312475
2 0.470313 0.730469 0.0625 0.057812249999999996
2 0.440625 0.7992185 0.071875 0.06406275
2 0.399219 0.7679690000000001 0.064062 0.0703125
