1 0.170313 0.7390625 0.0875 0.08124975
1 0.088281 0.692969 0.095312 0.0703125
1 0.197656 0.663281 0.092188 0.0703125
2 0.204687 0.340625 0.078125 0.06875025
2 0.202344 0.4335935 0.092188 0.0703125
2 0.076563 0.37656275000000006 0.0875 0.07812525000000001
2 0.078906 0.47343725000000003 0.092188 0.075
2 0.073438 0.5570315000000001 0.0875 0.07656225
2 0.114062 0.6132815 0.0875 0.07656225
2 0.191406 0.58671875 0.089063 0.07343775
2 0.217188 0.51562475 0.084375 0.075
0 0.615625 0.18906275 0.06875 0.07812525000000001
0 0.10625 0.75546875 0.059375 0.0609375
1 0.020313 0.55625 0.0375 0.046875
1 0.027344 0.60156275 0.051562 0.046875
1 0.024219 0.655469 0.045312 0.05468775
