1 0.318750 0.182812 0.053125 0.053125
1 0.253906 0.200000 0.054688 0.050000
0 0.287500 0.238281 0.050000 0.045312
0 0.335156 0.247656 0.048438 0.048438
0 0.350781 0.310937 0.048438 0.053125
0 0.301563 0.300000 0.050000 0.046875
0 0.376563 0.364844 0.034375 0.026562
0 0.321875 0.407031 0.046875 0.042188
0 0.374219 0.413281 0.039062 0.035937
0 0.326562 0.448437 0.053125 0.043750
0 0.375000 0.485938 0.046875 0.046875
0 0.346094 0.514844 0.042188 0.048438
0 0.317969 0.506250 0.048438 0.046875
2 0.065625 0.676562 0.046875 0.040625
1 0.077344 0.767969 0.054688 0.054688
1 0.127344 0.714063 0.048438 0.043750
1 0.141406 0.767188 0.054688 0.050000
1 0.086719 0.816406 0.057813 0.060937
0 0.381250 0.529687 0.040625 0.040625
