1 0.539062 0.4015625 0.053125 0.046875
1 0.609375 0.372656 0.04375 0.03906225
1 0.610156 0.428906 0.048438 0.0421875
1 0.546094 0.4539065 0.048438 0.04531275
0 0.553125 0.48749975 0.034375 0.034374749999999996
0 0.603906 0.5101565000000001 0.035937 0.0328125
1 0.608594 0.47812475 0.051562 0.034374749999999996
0 0.550781 0.5421875 0.032813 0.034374749999999996
0 0.555469 0.5835934999999999 0.032813 0.035937750000000004
0 0.611719 0.5648435 0.048438 0.035937750000000004
0 0.6125 0.6070309999999999 0.053125 0.03906225
0 0.561719 0.6210935 0.039062 0.02968725
0 0.609375 0.64296875 0.040625 0.0328125
0 0.60625 0.6789065 0.05625 0.04843725
0 0.547656 0.655469 0.051562 0.04531275
1 0.46796899999999997 0.739844 0.039062 0.0421875
1 0.470313 0.777344 0.04375 0.03906225
1 0.441406 0.7898435 0.029687 0.0328125
1 0.463281 0.8226559999999999 0.042188 0.0421875
1 0.400781 0.82031225 0.032813 0.034374749999999996
1 0.41406200000000004 0.84453125 0.0375 0.035937750000000004
0 0.85625 0.18359375 0.05 0.04843725
0 0.878125 0.2179685 0.046875 0.0421875
0 0.8210940000000001 0.22265600000000002 0.051562 0.04531275
