2 0.613281 0.321875 0.070312 0.056250
2 0.717187 0.300000 0.062500 0.056250
2 0.676562 0.366406 0.068750 0.060937
2 0.619531 0.372656 0.045312 0.035937
1 0.675000 0.415625 0.043750 0.037500
1 0.610938 0.428906 0.037500 0.035937
1 0.667188 0.464062 0.037500 0.034375
1 0.601562 0.479687 0.037500 0.037500
1 0.598437 0.524219 0.040625 0.042188
1 0.588281 0.567187 0.054688 0.056250
1 0.657813 0.586719 0.062500 0.051562
1 0.607812 0.614062 0.056250 0.062500
1 0.971875 0.141406 0.040625 0.029687
0 0.660156 0.516406 0.032813 0.029687
