2 0.595313 0.43515650000000006 0.071875 0.0609375
2 0.703906 0.42187475 0.060937 0.046875
2 0.692969 0.5007815 0.079687 0.06718725
2 0.684375 0.571094 0.078125 0.0703125
2 0.652344 0.6304684999999999 0.079687 0.0703125
2 0.580469 0.5085934999999999 0.073438 0.0703125
2 0.547656 0.57343775 0.079687 0.07187475
2 0.560937 0.62968775 0.075 0.065625
1 0.54375 0.69531275 0.078125 0.065625
1 0.614062 0.69453125 0.084375 0.07656225
2 0.096094 0.7632815 0.079687 0.06406275
2 0.185938 0.7539065 0.075 0.06406275
1 0.753906 0.71796875 0.029687 0.02968725
1 0.75 0.7617185 0.03125 0.0234375
1 0.751563 0.79375025 0.03125 0.0375
1 0.767969 0.8500002500000001 0.032813 0.03125025
1 0.099219 0.824219 0.042188 0.03906225
1 0.032031 0.796094 0.045312 0.0421875
1 0.017969 0.8578122499999999 0.032813 0.034374749999999996
