2 0.703125 0.4578125 0.0625 0.059375250000000004
2 0.646094 0.44531225 0.060937 0.05625
0 0.629687 0.55625 0.046875 0.0375
0 0.578125 0.58593725 0.05 0.04062525
0 0.663281 0.59999975 0.067187 0.05312475
0 0.65 0.64843775 0.065625 0.05625
0 0.588281 0.6320315 0.064062 0.05468775
0 0.596094 0.67968725 0.060937 0.05625
0 0.660937 0.18437525 0.0375 0.046875
0 0.7 0.17500025 0.046875 0.0375
0 0.379688 0.18515600000000002 0.034375 0.035937750000000004
0 0.40546899999999997 0.194531 0.032813 0.0328125
0 0.425781 0.17343725000000002 0.032813 0.034374749999999996
