1 0.184375 0.21250025 0.053125 0.046875
1 0.241406 0.24374975000000002 0.048438 0.046875
0 0.2 0.25468775 0.053125 0.043749750000000004
1 0.248438 0.2046875 0.05625 0.0375
2 0.257812 0.166406 0.05625 0.0421875
1 0.596875 0.29531225 0.05 0.043749750000000004
1 0.655469 0.34140650000000006 0.042188 0.0421875
1 0.659375 0.40937524999999997 0.040625 0.04062525
1 0.646875 0.64687475 0.05625 0.06249975
1 0.589063 0.640625 0.065625 0.05625
2 0.592187 0.363281 0.05625 0.0515625
2 0.589063 0.43203125 0.053125 0.03906225
2 0.569531 0.4898435 0.064062 0.0609375
2 0.567969 0.5382815 0.067187 0.057812249999999996
2 0.670312 0.5367184999999999 0.06875 0.057812249999999996
2 0.579688 0.58750025 0.059375 0.05000025
1 0.642969 0.60468725 0.064062 0.05312475
1 0.651563 0.4726565 0.05 0.0421875
2 0.796875 0.378125 0.028125 0.0375
2 0.799219 0.42109399999999997 0.032813 0.02968725
2 0.798438 0.4625 0.03125 0.02499975
1 0.669531 0.25703149999999997 0.026561999999999995 0.026562749999999996
1 0.736719 0.28046899999999997 0.026561999999999995 0.026562749999999996
1 0.732812 0.3078125 0.025 0.02499975
1 0.746094 0.32890625 0.026561999999999995 0.0234375
1 0.675781 0.288281 0.029687 0.02968725
1 0.697656 0.27343775 0.023438 0.02187525
1 0.710156 0.23437475000000002 0.017188 0.02499975
1 0.979688 0.1898435 0.034375 0.035937750000000004
