2 0.347656 0.41171900000000006 0.042188 0.04843725
2 0.378125 0.46953125 0.053125 0.04843725
2 0.378906 0.5179685 0.048438 0.04843725
2 0.382812 0.57265625 0.053125 0.04531275
2 0.367188 0.6070309999999999 0.053125 0.04531275
2 0.327344 0.477344 0.042188 0.0421875
2 0.042969 0.4992185 0.045312 0.04843725
2 0.077344 0.4859375 0.057813 0.05000025
0 0.099219 0.5648435 0.051562 0.04531275
0 0.059375 0.55468775 0.053125 0.043749750000000004
0 0.08125 0.6078125 0.053125 0.046875
0 0.072656 0.65703125 0.070312 0.0515625
