2 0.663281 0.50781275 0.054688 0.046875
2 0.711719 0.53593775 0.039062 0.034374749999999996
1 0.653906 0.53984375 0.029687 0.026562749999999996
1 0.70625 0.571094 0.034375 0.0328125
1 0.647656 0.589844 0.042188 0.0421875
1 0.722656 0.6187497499999999 0.045312 0.046875
1 0.665625 0.62968775 0.05 0.034374749999999996
1 0.682031 0.6679685 0.042188 0.03906225
1 0.728125 0.66640625 0.05 0.0421875
1 0.71875 0.70781225 0.05 0.05000025
2 0.625781 0.7726565 0.045312 0.0421875
2 0.636719 0.8234375 0.042188 0.04062525
