1 0.123438 0.74062475 0.0625 0.06249975
1 0.092188 0.69531275 0.0625 0.059375250000000004
2 0.121094 0.636719 0.070312 0.06406275
2 0.153906 0.57265625 0.067187 0.0609375
2 0.155469 0.39140600000000003 0.057813 0.05468775
2 0.190625 0.43281274999999997 0.059375 0.059375250000000004
2 0.20078100000000002 0.49843775 0.064062 0.05625
2 0.142187 0.54062525 0.071875 0.046875
2 0.341406 0.288281 0.045312 0.05468775
2 0.278906 0.31015625 0.048438 0.05468775
2 0.326562 0.35234375 0.059375 0.0515625
2 0.272656 0.36796850000000003 0.054688 0.0515625
1 0.324219 0.39531275 0.048438 0.0375
1 0.271094 0.42265625 0.054688 0.04531275
1 0.325 0.45546875 0.04375 0.04843725
0 0.279687 0.46953125 0.025 0.0234375
0 0.31875 0.49687475000000003 0.034375 0.028125
0 0.264062 0.5601559999999999 0.0375 0.03906225
0 0.303906 0.56718725 0.042188 0.034374749999999996
