0 0.472656 0.4296875 0.032813 0.02187525
0 0.50625 0.430469 0.040625 0.03906225
0 0.526563 0.37421899999999997 0.0375 0.03906225
0 0.526563 0.477344 0.040625 0.035937750000000004
0 0.566406 0.4625 0.045312 0.034374749999999996
0 0.47968700000000003 0.46953125 0.040625 0.03906225
0 0.550781 0.5476565 0.042188 0.03906225
0 0.54375 0.5804690000000001 0.03125 0.02968725
1 0.684375 0.53437475 0.040625 0.02499975
2 0.736719 0.5601559999999999 0.039062 0.02968725
2 0.679688 0.588281 0.0375 0.035937750000000004
2 0.740625 0.60468725 0.04375 0.04062525
2 0.680469 0.6226565 0.051562 0.035937750000000004
2 0.7375 0.6492185 0.046875 0.04531275
2 0.674219 0.6625002500000001 0.060937 0.0375
2 0.7375 0.6960935 0.053125 0.03906225
2 0.675 0.711719 0.0625 0.035937750000000004
2 0.714844 0.730469 0.039062 0.0234375
1 0.732031 0.7914065000000001 0.035937 0.02968725
2 0.982812 0.48359375 0.034375 0.0421875
