2 0.655469 0.36562474999999994 0.070312 0.06875025
2 0.711719 0.36093725 0.045312 0.05312475
2 0.7375 0.40000025000000006 0.04375 0.04062525
2 0.679688 0.41875025 0.04375 0.034374749999999996
2 0.749219 0.47343725000000003 0.032813 0.043749750000000004
2 0.690625 0.5046875 0.04375 0.043749750000000004
2 0.725 0.54453125 0.04375 0.04843725
2 0.536719 0.30468725 0.017188 0.02187525
2 0.633594 0.21093725000000002 0.017188 0.028125
2 0.632031 0.23515625 0.032813 0.020312249999999997
2 0.8523440000000001 0.76562525 0.051562 0.05000025
2 0.9070310000000001 0.73203125 0.032813 0.04843725
1 0.642188 0.61484375 0.040625 0.04843725
1 0.642969 0.6695315 0.051562 0.04531275
1 0.688281 0.67499975 0.035937 0.046875
1 0.71875 0.5929685 0.034375 0.03906225
0 0.667969 0.55625 0.045312 0.0375
0 0.689844 0.625781 0.032813 0.0328125
