0 0.071094 0.272656 0.051562 0.048438
0 0.088281 0.233594 0.051562 0.042188
0 0.089063 0.190625 0.050000 0.034375
0 0.084375 0.146094 0.037500 0.032813
0 0.041406 0.211719 0.026562 0.032813
0 0.030469 0.260937 0.042188 0.043750
0 0.039844 0.148438 0.032813 0.031250
2 0.273438 0.425781 0.059375 0.054688
2 0.206250 0.445312 0.059375 0.053125
0 0.211719 0.482031 0.039062 0.039062
1 0.272656 0.467187 0.039062 0.028125
1 0.271094 0.508594 0.042188 0.042188
1 0.215625 0.539844 0.059375 0.057813
1 0.278906 0.551562 0.064062 0.053125
1 0.273438 0.606250 0.059375 0.056250
1 0.207031 0.601562 0.064062 0.059375
0 0.230469 0.642188 0.035937 0.037500
0 0.229687 0.683594 0.034375 0.032813
0 0.232031 0.728906 0.051562 0.054688
0 0.275000 0.721875 0.056250 0.050000
2 0.643750 0.628125 0.050000 0.046875
2 0.600000 0.650000 0.046875 0.043750
2 0.650781 0.682031 0.048438 0.045312
2 0.635156 0.722656 0.032813 0.045312
2 0.604688 0.730469 0.046875 0.042188
2 0.605469 0.691406 0.042188 0.042188
1 0.634375 0.823438 0.037500 0.037500
1 0.595313 0.842187 0.040625 0.043750
1 0.315625 0.663281 0.025000 0.026562
1 0.279687 0.643750 0.025000 0.021875
1 0.280469 0.682031 0.035937 0.029687
0 0.632812 0.246875 0.028125 0.043750
0 0.629687 0.198437 0.021875 0.031250
0 0.650781 0.160938 0.029687 0.034375
0 0.667969 0.217188 0.032813 0.034375
1 0.639844 0.863281 0.042188 0.023438
1 0.600781 0.789062 0.020313 0.021875
1 0.646875 0.782031 0.025000 0.023438
1 0.990625 0.284375 0.018750 0.050000
1 0.992188 0.221875 0.015625 0.046875
1 0.614062 0.146875 0.034375 0.037500
