2 0.660937 0.44531225 0.05 0.05312475
2 0.646094 0.5101565000000001 0.051562 0.04843725
2 0.639844 0.56249975 0.054688 0.05000025
2 0.689844 0.49765625 0.054688 0.04843725
2 0.684375 0.54374975 0.053125 0.05000025
2 0.682031 0.5921877500000001 0.048438 0.046875
2 0.285938 0.2890625 0.046875 0.043749750000000004
2 0.334375 0.32031275 0.046875 0.046875
2 0.282031 0.336719 0.045312 0.0421875
2 0.332813 0.36640625 0.05 0.035937750000000004
1 0.277344 0.40000025000000006 0.029687 0.028125
1 0.336719 0.425 0.029687 0.034374749999999996
1 0.272656 0.425 0.035937 0.0375
1 0.26875 0.46015625 0.040625 0.0328125
1 0.302344 0.47421875 0.042188 0.03906225
1 0.324219 0.44765599999999994 0.042188 0.03906225
1 0.652344 0.5984375 0.032813 0.0375
1 0.682813 0.62421875 0.034375 0.02968725
1 0.677344 0.66718775 0.048438 0.046875
1 0.642969 0.6320315 0.032813 0.0328125
1 0.633594 0.6859377500000001 0.048438 0.05000025
