2 0.659375 0.458594 0.065625 0.067187
2 0.650781 0.523438 0.070312 0.059375
2 0.785156 0.459375 0.070312 0.068750
2 0.755469 0.517188 0.076563 0.059375
1 0.728906 0.571094 0.067187 0.064062
1 0.706250 0.628125 0.062500 0.065625
1 0.634375 0.579688 0.065625 0.053125
1 0.614844 0.642188 0.073438 0.056250
0 0.596875 0.703125 0.068750 0.062500
0 0.678125 0.740625 0.068750 0.065625
0 0.697656 0.682813 0.067187 0.053125
0 0.239063 0.166406 0.062500 0.057813
0 0.180469 0.173437 0.067187 0.059375
0 0.259375 0.201563 0.071875 0.065625
0 0.986719 0.270313 0.026562 0.043750
