1 0.339062 0.35312525000000006 0.053125 0.05312475
1 0.270313 0.4015625 0.053125 0.05000025
1 0.321094 0.4109375 0.054688 0.05312475
1 0.267969 0.44375 0.048438 0.043749750000000004
1 0.317188 0.45625024999999997 0.040625 0.034374749999999996
0 0.330469 0.2664065 0.032813 0.02968725
0 0.320312 0.30156275 0.025 0.02499975
0 0.285156 0.4804685 0.029687 0.0234375
0 0.31875 0.49843775 0.034375 0.034374749999999996
0 0.289844 0.522656 0.026561999999999995 0.026562749999999996
0 0.322656 0.5515625 0.026561999999999995 0.028125
0 0.28125 0.569531 0.021875 0.0234375
0 0.308594 0.597656 0.029687 0.02968725
0 0.267188 0.6125 0.025 0.028125
0 0.266406 0.67109375 0.054688 0.0515625
0 0.233594 0.655469 0.045312 0.04843725
