0 0.517188 0.19843775 0.028125 0.034374749999999996
0 0.457031 0.2101565 0.035937 0.026562749999999996
0 0.455469 0.25078100000000003 0.029687 0.0328125
0 0.291406 0.17421875 0.029687 0.017187749999999998
1 0.352344 0.260156 0.045312 0.03906225
1 0.328125 0.15859399999999998 0.040625 0.0515625
1 0.278906 0.14609375 0.048438 0.03906225
0 0.30625 0.2367185 0.028125 0.02968725
0 0.316406 0.2835935 0.032813 0.02968725
0 0.355469 0.2945315 0.029687 0.026562749999999996
0 0.361719 0.33359375 0.032813 0.0328125
0 0.325781 0.31406225 0.026561999999999995 0.028125
0 0.328125 0.35156225 0.034375 0.028125
0 0.31875 0.383594 0.04375 0.04531275
0 0.327344 0.41875025 0.048438 0.04062525
0 0.354687 0.44765599999999994 0.0375 0.04843725
1 0.248438 0.46171850000000003 0.040625 0.0421875
1 0.250781 0.53046875 0.048438 0.04843725
1 0.24609399999999998 0.59687525 0.057813 0.05312475
1 0.239844 0.65 0.054688 0.05312475
1 0.221875 0.702344 0.05625 0.0515625
1 0.165625 0.71875025 0.059375 0.05625
1 0.161719 0.6695315 0.060937 0.057812249999999996
1 0.167969 0.6171875 0.048438 0.043749750000000004
1 0.182031 0.56328125 0.048438 0.0421875
