1 0.15625 0.621875 0.046875 0.034374749999999996
1 0.146875 0.663281 0.04375 0.035937750000000004
1 0.086719 0.63749975 0.045312 0.04062525
1 0.089844 0.6789065 0.045312 0.03906225
1 0.094531 0.571094 0.042188 0.035937750000000004
1 0.311719 0.7945309999999999 0.042188 0.03906225
1 0.307812 0.8296872499999999 0.04375 0.0375
1 0.297656 0.8570315000000001 0.039062 0.035937750000000004
1 0.660937 0.42656225000000003 0.05 0.046875
0 0.647656 0.45937474999999994 0.045312 0.04062525
0 0.639844 0.503906 0.048438 0.0421875
0 0.626563 0.541406 0.034375 0.0328125
0 0.633594 0.588281 0.048438 0.03906225
0 0.632031 0.659375 0.051562 0.0375
0 0.610938 0.6875 0.0375 0.034374749999999996
0 0.574219 0.6789065 0.042188 0.035937750000000004
0 0.570312 0.6320315 0.04375 0.035937750000000004
0 0.567969 0.59375 0.045312 0.0375
0 0.571875 0.55390625 0.04375 0.0421875
0 0.571094 0.51875 0.045312 0.043749750000000004
0 0.582812 0.46874975 0.03125 0.03125025
0 0.592187 0.4257815 0.03125 0.026562749999999996
0 0.925 0.21171875 0.053125 0.0515625
0 0.9148440000000001 0.17343725000000002 0.048438 0.046875
0 0.9679689999999999 0.147656 0.048438 0.0421875
