1 0.407813 0.65156225 0.046875 0.046875
1 0.40156200000000003 0.6890622499999999 0.046875 0.04062525
0 0.4 0.730469 0.04375 0.03906225
1 0.365625 0.7242184999999999 0.046875 0.04531275
1 0.35 0.68125025 0.046875 0.04062525
2 0.394531 0.58750025 0.057813 0.05312475
2 0.396875 0.5382815 0.05 0.04843725
2 0.40703100000000003 0.48828125 0.051562 0.0421875
2 0.348438 0.4578125 0.059375 0.05312475
2 0.34375 0.505469 0.053125 0.0515625
2 0.339844 0.55781225 0.054688 0.043749750000000004
2 0.785937 0.2609375 0.053125 0.046875
2 0.775781 0.21875 0.048438 0.05000025
0 0.796094 0.21093725000000002 0.029687 0.034374749999999996
0 0.798438 0.1726565 0.03125 0.0234375
