2 0.357031 0.457031 0.060937 0.05468775
2 0.285938 0.48515600000000003 0.05625 0.057812249999999996
2 0.277344 0.584375 0.054688 0.06249975
2 0.353125 0.5195315 0.059375 0.05468775
2 0.348438 0.571094 0.059375 0.04843725
1 0.325 0.616406 0.053125 0.04843725
1 0.277344 0.63125 0.054688 0.043749750000000004
1 0.271094 0.6828125 0.054688 0.05000025
1 0.324219 0.6656247499999999 0.054688 0.05312475
1 0.323437 0.7148435 0.059375 0.0515625
0 0.332813 0.7562502500000001 0.053125 0.05625
0 0.283594 0.75078125 0.048438 0.0515625
0 0.310937 0.31406225 0.05 0.05312475
1 0.278906 0.1484375 0.054688 0.043749750000000004
0 0.277344 0.186719 0.042188 0.03906225
