2 0.69375 0.3789065 0.071875 0.06718725
2 0.8125 0.32812475 0.059375 0.059375250000000004
2 0.815625 0.44765599999999994 0.078125 0.0796875
2 0.8195309999999999 0.53046875 0.085938 0.07343775
2 0.8210940000000001 0.60078125 0.082812 0.07656225
2 0.8117189999999999 0.67656275 0.082812 0.075
2 0.703906 0.48203150000000006 0.076563 0.07656225
2 0.710938 0.5664065 0.078125 0.0703125
1 0.714063 0.640625 0.075 0.065625
1 0.711719 0.7109375 0.067187 0.059375250000000004
1 0.707812 0.78437525 0.065625 0.06249975
1 0.809375 0.8109372499999999 0.06875 0.065625
0 0.8101559999999999 0.7445315000000001 0.064062 0.057812249999999996
