2 0.625781 0.430469 0.054688 0.0515625
2 0.548438 0.45546875 0.053125 0.04531275
0 0.603906 0.46796899999999997 0.039062 0.02968725
0 0.532031 0.53437475 0.026561999999999995 0.034374749999999996
0 0.585938 0.5148440000000001 0.025 0.02968725
0 0.534375 0.4859375 0.03125 0.028125
0 0.586719 0.55937525 0.032813 0.034374749999999996
0 0.592187 0.6125 0.04375 0.0375
0 0.596875 0.6546875 0.05 0.05312475
0 0.582812 0.69374975 0.03125 0.03125025
0 0.561719 0.7093752500000001 0.042188 0.04062525
0 0.598437 0.71328125 0.04375 0.04843725
0 0.532031 0.6359375 0.051562 0.046875
0 0.53125 0.5945315 0.03125 0.02968725
