1 0.300781 0.355469 0.070312 0.06718725
1 0.198437 0.39531275 0.08125 0.075
1 0.269531 0.44218775 0.067187 0.07187475
1 0.157031 0.4804685 0.082812 0.08281275
1 0.22265600000000002 0.52578125 0.073438 0.07343775
1 0.14375 0.55468775 0.078125 0.07187475
1 0.150781 0.6273440000000001 0.079687 0.07343775
1 0.2 0.59999975 0.08125 0.084375
1 0.135937 0.7109375 0.0875 0.08124975
1 0.189062 0.757031 0.075 0.08281275
1 0.754687 0.766406 0.065625 0.06718725
0 0.894531 0.7445315000000001 0.064062 0.0609375
0 0.903125 0.2945315 0.08125 0.06718725
0 0.926562 0.2195315 0.075 0.07343775
2 0.9445309999999999 0.78749975 0.051562 0.05000025
2 0.927344 0.84453125 0.054688 0.05468775
1 0.869531 0.85390625 0.085938 0.0421875
