1 0.123438 0.46953125 0.078125 0.0703125
1 0.189844 0.44140625 0.064062 0.0703125
1 0.195312 0.5148440000000001 0.084375 0.0609375
1 0.135937 0.56718725 0.071875 0.06875025
0 0.20625 0.5945315 0.053125 0.04843725
0 0.203125 0.6601565 0.059375 0.05468775
0 0.201563 0.70625 0.04375 0.0375
0 0.189844 0.76874975 0.064062 0.065625
0 0.130469 0.8007815 0.067187 0.06406275
0 0.11796900000000002 0.7296875 0.057813 0.05625
2 0.117188 0.40468775 0.078125 0.065625
2 0.110937 0.340625 0.075 0.07812525000000001
2 0.179688 0.3789065 0.065625 0.06406275
2 0.346094 0.72812525 0.042188 0.0375
2 0.332813 0.7578125 0.05 0.046875
2 0.313281 0.777344 0.054688 0.04531275
2 0.8679690000000001 0.69453125 0.048438 0.04531275
2 0.9382810000000001 0.766406 0.048438 0.04843725
2 0.9304690000000001 0.8414059999999999 0.048438 0.04843725
2 0.8617190000000001 0.79296875 0.048438 0.04843725
1 0.8601560000000001 0.8578122499999999 0.048438 0.034374749999999996
1 0.332813 0.84921875 0.025 0.02968725
1 0.344531 0.8039059999999999 0.029687 0.026562749999999996
