2 0.195312 0.22890649999999998 0.03125 0.035937750000000004
2 0.149219 0.2664065 0.032813 0.026562749999999996
2 0.148438 0.29999975 0.0375 0.03125025
2 0.167969 0.335156 0.032813 0.026562749999999996
2 0.257031 0.49765625 0.035937 0.035937750000000004
2 0.263281 0.53593775 0.035937 0.03125025
2 0.2625 0.5648435 0.0375 0.0234375
2 0.264062 0.59999975 0.03125 0.03125025
2 0.039844 0.44140625 0.026561999999999995 0.026562749999999996
2 0.073438 0.46171850000000003 0.028125 0.0328125
2 0.03125 0.47343725000000003 0.03125 0.028125
2 0.025781 0.5101565000000001 0.026561999999999995 0.0328125
2 0.634375 0.5554685 0.0375 0.0421875
2 0.6875 0.542969 0.034375 0.0421875
2 0.549219 0.38828150000000006 0.035937 0.026562749999999996
2 0.55625 0.425 0.03125 0.034374749999999996
1 0.032813 0.5648435 0.021875 0.0234375
1 0.072656 0.57734375 0.029687 0.026562749999999996
1 0.032813 0.589844 0.028125 0.020312249999999997
1 0.075 0.60468725 0.040625 0.01875
1 0.04375 0.6132815 0.021875 0.0234375
1 0.073438 0.62421875 0.034375 0.020312249999999997
1 0.621875 0.61015625 0.040625 0.035937750000000004
1 0.685156 0.6078125 0.042188 0.034374749999999996
1 0.679688 0.640625 0.04375 0.034374749999999996
1 0.619531 0.64765625 0.042188 0.026562749999999996
1 0.680469 0.67656275 0.042188 0.043749750000000004
1 0.621875 0.68515625 0.040625 0.035937750000000004
1 0.658594 0.6890622499999999 0.035937 0.04062525
1 0.679688 0.35390599999999994 0.021875 0.0234375
1 0.714844 0.39062525 0.020313 0.015624750000000001
1 0.694531 0.4015625 0.017188 0.028125
