1 0.398438 0.41406275 0.046875 0.046875
1 0.467187 0.45156275 0.04375 0.04062525
1 0.398438 0.46171850000000003 0.04375 0.0328125
1 0.46093799999999996 0.49218725 0.046875 0.04062525
1 0.399219 0.50234375 0.051562 0.04531275
1 0.45625 0.5367184999999999 0.0375 0.0328125
1 0.40625 0.5453127500000001 0.05 0.0375
1 0.451562 0.571094 0.040625 0.0328125
0 0.40703100000000003 0.57656225 0.029687 0.01875
0 0.440625 0.60156275 0.028125 0.02187525
0 0.491406 0.430469 0.026561999999999995 0.0234375
0 0.508594 0.4625 0.042188 0.034374749999999996
0 0.528906 0.5179685 0.032813 0.026562749999999996
0 0.496875 0.5421875 0.0375 0.03125025
0 0.514062 0.571094 0.03125 0.026562749999999996
0 0.34375 0.23046875 0.0375 0.0328125
0 0.449219 0.36250024999999997 0.029687 0.02187525
0 0.446875 0.33281225000000003 0.025 0.02187525
0 0.488281 0.29687525 0.017188 0.015624750000000001
0 0.48359399999999997 0.321875 0.017188 0.01875
0 0.488281 0.3695315 0.026561999999999995 0.02968725
0 0.45 0.40312475000000003 0.025 0.02187525
2 0.035156 0.8054690000000001 0.067187 0.0703125
