1 0.347656 0.44218775 0.045312 0.043749750000000004
1 0.41406200000000004 0.48125 0.046875 0.04062525
1 0.346875 0.49140649999999997 0.04375 0.0421875
1 0.346875 0.53437475 0.04375 0.0375
1 0.410156 0.522656 0.042188 0.0421875
1 0.40546899999999997 0.561719 0.042188 0.0328125
1 0.35625 0.5757815 0.046875 0.035937750000000004
1 0.40156200000000003 0.599219 0.04375 0.0328125
0 0.391406 0.62812475 0.029687 0.028125
0 0.353906 0.60625025 0.026561999999999995 0.01875
0 0.4375 0.321875 0.021875 0.015624750000000001
0 0.428125 0.35390599999999994 0.025 0.0234375
0 0.397656 0.3585935 0.026561999999999995 0.0234375
0 0.399219 0.38984375 0.029687 0.0234375
0 0.435937 0.39453125 0.025 0.02968725
0 0.44375 0.457031 0.03125 0.0234375
0 0.402344 0.428906 0.023438 0.020312249999999997
0 0.46093799999999996 0.48749975 0.028125 0.03125025
0 0.480469 0.5421875 0.032813 0.03125025
0 0.45 0.5687502500000001 0.03125 0.028125
0 0.466406 0.5945315 0.026561999999999995 0.0234375
0 0.290625 0.2554685 0.0375 0.035937750000000004
