1 0.777344 0.28046899999999997 0.048438 0.0515625
1 0.803125 0.3398435 0.065625 0.0609375
1 0.747656 0.32812475 0.057813 0.05625
1 0.776563 0.402344 0.065625 0.0515625
1 0.803125 0.4203125 0.0625 0.07187475
1 0.740625 0.38046875 0.0625 0.05468775
1 0.742188 0.43593724999999994 0.0625 0.05312475
0 0.780469 0.4625 0.035937 0.03125025
0 0.798438 0.503906 0.034375 0.035937750000000004
0 0.742188 0.51562475 0.0375 0.0375
2 0.910937 0.79687475 0.05625 0.05625
0 0.842187 0.15078125 0.05 0.04843725
0 0.776563 0.17500025 0.034375 0.043749750000000004
1 0.8617190000000001 0.8414059999999999 0.032813 0.0328125
1 0.845313 0.8570315000000001 0.0375 0.035937750000000004
0 0.8929690000000001 0.85937525 0.035937 0.02499975
