1 0.639062 0.7578125 0.0375 0.043749750000000004
1 0.68125 0.75078125 0.040625 0.0328125
1 0.645312 0.725 0.028125 0.02499975
1 0.653125 0.683594 0.021875 0.0234375
1 0.114062 0.6734375 0.04375 0.03125025
1 0.176563 0.692969 0.05 0.0421875
1 0.110156 0.71796875 0.051562 0.04531275
1 0.175781 0.73671875 0.057813 0.04531275
1 0.1125 0.7625 0.04375 0.034374749999999996
1 0.158594 0.77890625 0.045312 0.04531275
1 0.521875 0.20781275 0.040625 0.034374749999999996
1 0.461719 0.23203100000000002 0.039062 0.03906225
1 0.46093799999999996 0.278906 0.0375 0.03906225
1 0.511719 0.26796875 0.035937 0.0421875
1 0.455469 0.32812475 0.039062 0.034374749999999996
1 0.514062 0.31015625 0.04375 0.0328125
1 0.505469 0.34765625 0.035937 0.0328125
2 0.184375 0.51718775 0.046875 0.0375
2 0.130469 0.477344 0.054688 0.0328125
2 0.125 0.5179685 0.053125 0.03906225
2 0.123438 0.5796875 0.059375 0.046875
2 0.178906 0.561719 0.039062 0.0421875
0 0.507031 0.37109375 0.020313 0.0234375
0 0.465625 0.40390625 0.021875 0.020312249999999997
0 0.46953100000000003 0.3546875 0.020313 0.01875
0 0.509375 0.402344 0.025 0.020312249999999997
0 0.463281 0.43828100000000003 0.035937 0.0328125
0 0.504687 0.44765599999999994 0.028125 0.035937750000000004
2 0.626563 0.5140625 0.040625 0.043749750000000004
2 0.620313 0.569531 0.046875 0.03906225
2 0.65625 0.5484372499999999 0.034375 0.034374749999999996
2 0.636719 0.60546875 0.042188 0.035937750000000004
2 0.639062 0.65312525 0.040625 0.0375
2 0.678125 0.6320315 0.03125 0.035937750000000004
