2 0.367188 0.71718725 0.034375 0.034374749999999996
2 0.399219 0.73203125 0.023438 0.02968725
2 0.417969 0.7054685 0.035937 0.0328125
1 0.251563 0.69843725 0.0625 0.05625
1 0.348438 0.67499975 0.046875 0.046875
1 0.325 0.74218775 0.053125 0.05625
1 0.25 0.76015625 0.053125 0.0515625
1 0.311719 0.7945309999999999 0.057813 0.0515625
1 0.235937 0.8218752500000001 0.059375 0.05000025
1 0.290625 0.8523440000000001 0.05625 0.04531275
1 0.794531 0.8390622499999999 0.045312 0.046875
1 0.814063 0.796094 0.04375 0.0421875
1 0.846875 0.7539065 0.04375 0.035937750000000004
1 0.848437 0.8 0.034375 0.05000025
1 0.754687 0.83046875 0.034375 0.04843725
1 0.8039059999999999 0.73124975 0.032813 0.034374749999999996
1 0.84375 0.7007809999999999 0.034375 0.03906225
1 0.796875 0.67109375 0.034375 0.02968725
1 0.8414059999999999 0.644531 0.032813 0.0328125
1 0.785937 0.6070309999999999 0.04375 0.0328125
1 0.135937 0.32734399999999997 0.075 0.0703125
1 0.209375 0.36250024999999997 0.05 0.05312475
1 0.1375 0.383594 0.06875 0.057812249999999996
1 0.210938 0.43124975 0.053125 0.06249975
1 0.135937 0.44609375 0.06875 0.057812249999999996
1 0.210156 0.4992185 0.051562 0.0609375
1 0.135156 0.532031 0.067187 0.0609375
0 0.20546899999999998 0.5687502500000001 0.045312 0.043749750000000004
0 0.189844 0.62812475 0.042188 0.046875
0 0.10703100000000002 0.6867185 0.045312 0.04531275
0 0.171094 0.7351565 0.060937 0.0515625
0 0.108594 0.7625 0.064062 0.059375250000000004
0 0.148438 0.80234375 0.021875 0.02968725
0 0.153125 0.83515625 0.0375 0.026562749999999996
1 0.696094 0.41249974999999994 0.042188 0.05625
