0 0.352344 0.777344 0.060937 0.06406275
0 0.39375 0.66875 0.05625 0.059375250000000004
0 0.391406 0.71718725 0.032813 0.0375
0 0.322656 0.6539059999999999 0.073438 0.04843725
0 0.324219 0.696875 0.042188 0.02499975
1 0.321094 0.59687525 0.070312 0.065625
1 0.392188 0.5601559999999999 0.059375 0.057812249999999996
1 0.313281 0.5335940000000001 0.070312 0.06718725
1 0.397656 0.4992185 0.051562 0.05468775
1 0.31875 0.471875 0.0625 0.05625
1 0.394531 0.44062475 0.057813 0.05625
1 0.330469 0.40781225 0.048438 0.05312475
1 0.395313 0.3695315 0.04375 0.0421875
1 0.328125 0.325781 0.040625 0.03906225
1 0.40703100000000003 0.28750025 0.045312 0.04062525
1 0.345313 0.24921875 0.040625 0.035937750000000004
1 0.9710940000000001 0.18125 0.057813 0.08750025
0 0.973437 0.265625 0.053125 0.08750025
