2 0.211719 0.26406275 0.079687 0.06875025
2 0.203125 0.355469 0.08125 0.06718725
2 0.314063 0.34140650000000006 0.075 0.06718725
1 0.309375 0.4070315 0.065625 0.0703125
1 0.197656 0.43203125 0.079687 0.0703125
1 0.300781 0.47812475 0.079687 0.075
1 0.292187 0.54921875 0.075 0.06718725
1 0.196094 0.5203122499999999 0.089063 0.075
0 0.197656 0.58750025 0.057813 0.05000025
0 0.271875 0.6078125 0.05625 0.043749750000000004
0 0.182812 0.62890625 0.05625 0.0515625
0 0.253125 0.65156225 0.05 0.05000025
0 0.225781 0.683594 0.029687 0.02968725
1 0.022656 0.766406 0.042188 0.05468775
1 0.023438 0.8007815 0.04375 0.05468775
1 0.590625 0.832031 0.046875 0.04531275
1 0.575 0.79218725 0.046875 0.04062525
0 0.671094 0.14453149999999998 0.067187 0.035937750000000004
0 0.629687 0.15078125 0.065625 0.04843725
0 0.688281 0.1625 0.070312 0.05625
2 0.517969 0.828125 0.035937 0.028125
2 0.47968700000000003 0.84921875 0.028125 0.03906225
2 0.514062 0.8531247499999999 0.028125 0.03125025
