2 0.514844 0.21640625 0.057813 0.057812249999999996
2 0.454688 0.2367185 0.05625 0.057812249999999996
2 0.509375 0.27265625 0.05625 0.05468775
2 0.465625 0.29218774999999997 0.05625 0.059375250000000004
2 0.478125 0.33281225000000003 0.04375 0.043749750000000004
1 0.522656 0.3117185 0.032813 0.0328125
1 0.522656 0.36093725 0.029687 0.0375
1 0.514062 0.40312475000000003 0.059375 0.059375250000000004
1 0.503906 0.4429685 0.045312 0.04843725
2 0.4625 0.38593774999999997 0.046875 0.05312475
1 0.472656 0.42734375 0.039062 0.03906225
0 0.519531 0.477344 0.035937 0.0328125
0 0.504687 0.50781275 0.028125 0.034374749999999996
0 0.480469 0.49375025000000006 0.032813 0.03125025
2 0.975 0.51093725 0.05 0.05000025
2 0.973437 0.56718725 0.053125 0.05000025
2 0.971875 0.625781 0.05625 0.05468775
2 0.9695310000000001 0.7390625 0.051562 0.05312475
1 0.978125 0.8289065000000001 0.04375 0.0515625
