0 0.28125 0.74531225 0.03125 0.034374749999999996
1 0.342969 0.75546875 0.051562 0.0515625
1 0.292187 0.710156 0.05 0.0515625
1 0.357031 0.70390625 0.054688 0.057812249999999996
1 0.305469 0.663281 0.051562 0.04843725
1 0.375 0.65 0.05625 0.05312475
1 0.309375 0.608594 0.065625 0.04843725
1 0.392188 0.597656 0.05 0.04843725
1 0.33125 0.55390625 0.053125 0.0515625
1 0.40156200000000003 0.53515625 0.05625 0.0515625
1 0.35 0.48906275 0.046875 0.05312475
1 0.40625 0.466406 0.04375 0.0421875
1 0.357812 0.415625 0.040625 0.0375
1 0.404687 0.3960935 0.034375 0.02968725
1 0.555469 0.261719 0.045312 0.04843725
1 0.623437 0.25078100000000003 0.05 0.0515625
1 0.565625 0.21250025 0.05 0.046875
1 0.632031 0.19375024999999998 0.042188 0.04062525
