0 0.154688 0.7054685 0.05 0.04843725
0 0.20781299999999997 0.7007809999999999 0.05 0.04843725
0 0.210156 0.6546875 0.029687 0.02187525
1 0.24531200000000003 0.63437525 0.05 0.043749750000000004
1 0.157031 0.64765625 0.054688 0.04843725
1 0.224219 0.58671875 0.048438 0.04843725
2 0.165625 0.59609375 0.053125 0.0421875
2 0.196875 0.4335935 0.05625 0.0515625
2 0.264062 0.42734375 0.059375 0.0515625
2 0.253906 0.475781 0.064062 0.0515625
2 0.197656 0.49140649999999997 0.048438 0.03906225
2 0.261719 0.5179685 0.045312 0.026562749999999996
2 0.255469 0.55312475 0.045312 0.0375
2 0.192969 0.5375 0.042188 0.04062525
