1 0.703906 0.3828125 0.042188 0.0375
2 0.641406 0.383594 0.045312 0.04843725
2 0.63125 0.45625024999999997 0.053125 0.046875
2 0.671875 0.56406275 0.059375 0.05312475
1 0.58125 0.659375 0.05625 0.05625
2 0.698438 0.44375 0.046875 0.046875
2 0.651563 0.617969 0.053125 0.05468775
2 0.585156 0.5664065 0.051562 0.0515625
2 0.590625 0.6210935 0.05625 0.057812249999999996
2 0.8664059999999999 0.40000025000000006 0.035937 0.0375
2 0.8679690000000001 0.44375 0.035937 0.0375
2 0.921875 0.4296875 0.0375 0.034374749999999996
2 0.865625 0.4765625 0.034375 0.034374749999999996
2 0.916406 0.4632815 0.032813 0.0328125
1 0.904687 0.49375025000000006 0.034375 0.03125025
1 0.9039059999999999 0.522656 0.032813 0.03906225
0 0.857812 0.565625 0.03125 0.028125
0 0.853906 0.59609375 0.039062 0.0328125
0 0.853125 0.6226565 0.0375 0.0328125
0 0.896094 0.60546875 0.042188 0.0328125
0 0.886719 0.6304684999999999 0.035937 0.035937750000000004
2 0.685937 0.50703125 0.05 0.04843725
