1 0.155469 0.340625 0.064062 0.059375250000000004
1 0.115625 0.3828125 0.04375 0.05000025
1 0.167969 0.4109375 0.064062 0.05312475
1 0.109375 0.45937474999999994 0.05625 0.06249975
1 0.182812 0.4859375 0.0625 0.06249975
1 0.101562 0.5375 0.071875 0.046875
1 0.188281 0.55312475 0.073438 0.06249975
1 0.092188 0.5984375 0.0625 0.059375250000000004
1 0.182031 0.616406 0.082812 0.0609375
1 0.685156 0.23984375 0.048438 0.04531275
1 0.683594 0.29999975 0.051562 0.05312475
1 0.738281 0.26718725 0.042188 0.04062525
1 0.739062 0.37031225 0.04375 0.043749750000000004
0 0.745313 0.4164065 0.04375 0.04531275
0 0.685156 0.439844 0.035937 0.035937750000000004
0 0.729688 0.4578125 0.028125 0.02499975
0 0.688281 0.48749975 0.023438 0.02499975
0 0.728906 0.49765625 0.023438 0.026562749999999996
0 0.371875 0.2476565 0.040625 0.04843725
0 0.419531 0.21250025 0.039062 0.046875
0 0.361719 0.20234375 0.054688 0.0421875
0 0.409375 0.1671875 0.03125 0.034374749999999996
0 0.346875 0.14999975000000002 0.034375 0.028125
0 0.146875 0.8289065000000001 0.04375 0.04531275
0 0.177344 0.8046875 0.067187 0.06249975
0 0.196094 0.7625 0.064062 0.065625
0 0.126562 0.7539065 0.05 0.0328125
0 0.196094 0.71406275 0.048438 0.02187525
0 0.11171899999999998 0.70859375 0.070312 0.05468775
0 0.10703100000000002 0.655469 0.067187 0.04531275
1 0.1875 0.6773434999999999 0.075 0.04531275
1 0.659375 0.8289065000000001 0.04375 0.04531275
1 0.607031 0.8101565000000001 0.051562 0.0515625
1 0.600781 0.85390625 0.051562 0.03906225
1 0.660156 0.777344 0.039062 0.0421875
1 0.592187 0.7562502500000001 0.046875 0.043749750000000004
1 0.657031 0.72656225 0.039062 0.043749750000000004
1 0.585938 0.7093752500000001 0.05 0.034374749999999996
1 0.648438 0.66718775 0.034375 0.05000025
1 0.642969 0.60546875 0.017188 0.0421875
