2 0.302344 0.34453100000000003 0.064062 0.05468775
2 0.363281 0.37656275000000006 0.060937 0.06249975
2 0.296875 0.40937524999999997 0.05625 0.059375250000000004
2 0.361719 0.449219 0.064062 0.057812249999999996
2 0.299219 0.47421875 0.060937 0.0609375
2 0.35625 0.509375 0.05625 0.043749750000000004
2 0.29375 0.58203125 0.046875 0.04843725
2 0.271875 0.6273440000000001 0.05625 0.05468775
2 0.283594 0.67499975 0.054688 0.05312475
2 0.332031 0.6601565 0.057813 0.05468775
2 0.363281 0.617969 0.054688 0.0515625
1 0.340625 0.6921875 0.0625 0.043749750000000004
1 0.338281 0.55859375 0.035937 0.035937750000000004
1 0.300781 0.5249997499999999 0.039062 0.03125025
0 0.315625 0.72734375 0.04375 0.0421875
0 0.228125 0.20781275 0.04375 0.043749750000000004
0 0.24609399999999998 0.1765625 0.035937 0.03125025
0 0.196094 0.20546899999999998 0.045312 0.04843725
