0 0.291406 0.16171850000000002 0.032813 0.03906225
0 0.271875 0.1953125 0.04375 0.04062525
0 0.23671899999999998 0.1953125 0.039062 0.043749750000000004
0 0.354687 0.71875025 0.05 0.04062525
1 0.376563 0.6828125 0.05625 0.05312475
1 0.371875 0.55000025 0.034375 0.0375
1 0.336719 0.5132809999999999 0.035937 0.035937750000000004
2 0.340625 0.33281225000000003 0.065625 0.06249975
2 0.402344 0.36562474999999994 0.060937 0.05625
2 0.339062 0.39843725 0.05625 0.059375250000000004
2 0.398438 0.4390625 0.065625 0.06249975
2 0.392188 0.49843775 0.05 0.046875
2 0.338281 0.466406 0.060937 0.06406275
2 0.397656 0.60546875 0.054688 0.04843725
2 0.370312 0.64765625 0.053125 0.06406275
2 0.319531 0.6640625 0.054688 0.05312475
2 0.307812 0.617969 0.05625 0.0515625
2 0.330469 0.57265625 0.051562 0.04843725
