2 0.317969 0.33359375 0.064062 0.0609375
2 0.378906 0.36562474999999994 0.067187 0.06249975
2 0.379688 0.43828100000000003 0.0625 0.0609375
2 0.317188 0.40000025000000006 0.059375 0.059375250000000004
2 0.315625 0.46406225 0.0625 0.06249975
2 0.372656 0.49375025000000006 0.054688 0.05312475
2 0.379688 0.60937475 0.053125 0.05625
2 0.349219 0.6507815000000001 0.057813 0.05468775
2 0.3 0.6640625 0.059375 0.05625
2 0.291406 0.6171875 0.051562 0.05312475
2 0.3125 0.57343775 0.053125 0.05312475
1 0.317188 0.5140625 0.0375 0.034374749999999996
1 0.354687 0.5476565 0.040625 0.035937750000000004
1 0.358594 0.68515625 0.051562 0.04843725
0 0.334375 0.71875025 0.040625 0.04062525
0 0.217969 0.194531 0.045312 0.04531275
0 0.253125 0.19296875 0.04375 0.04843725
0 0.271875 0.1625 0.040625 0.0375
