0 0.332813 0.71796875 0.046875 0.03906225
1 0.360938 0.68515625 0.0625 0.04843725
1 0.354687 0.550781 0.0375 0.0421875
1 0.317188 0.51875 0.03125 0.034374749999999996
0 0.267969 0.1539065 0.035937 0.0328125
0 0.255469 0.18906275 0.048438 0.04062525
0 0.21640600000000002 0.1898435 0.045312 0.0421875
2 0.315625 0.3320315 0.06875 0.06406275
2 0.376563 0.36640625 0.0625 0.0609375
2 0.378125 0.44218775 0.065625 0.059375250000000004
2 0.314844 0.4015625 0.060937 0.059375250000000004
2 0.314844 0.46796899999999997 0.060937 0.0609375
2 0.371875 0.4992185 0.053125 0.04843725
2 0.377344 0.60937475 0.054688 0.05625
2 0.311719 0.5757815 0.051562 0.04843725
2 0.289844 0.6210935 0.057813 0.0515625
2 0.299219 0.663281 0.057813 0.057812249999999996
2 0.348438 0.65156225 0.059375 0.059375250000000004
