1 0.491406 0.663281 0.045312 0.03906225
1 0.549219 0.6882815 0.042188 0.035937750000000004
1 0.551562 0.7359372499999999 0.0375 0.043749750000000004
1 0.484375 0.696875 0.04375 0.04062525
1 0.47343799999999997 0.73671875 0.046875 0.02968725
1 0.528125 0.7632815 0.0375 0.03906225
1 0.494531 0.76406225 0.029687 0.034374749999999996
2 0.552344 0.6398435 0.039062 0.0328125
2 0.507031 0.599219 0.035937 0.03906225
1 0.550781 0.565625 0.029687 0.02499975
2 0.492969 0.550781 0.042188 0.03906225
2 0.539844 0.53593775 0.045312 0.04062525
2 0.894531 0.36093725 0.042188 0.043749750000000004
2 0.916406 0.31406225 0.048438 0.05000025
2 0.9304690000000001 0.25468775 0.048438 0.046875
2 0.941406 0.346094 0.035937 0.035937750000000004
0 0.939063 0.38437475 0.028125 0.03125025
0 0.904687 0.40312475000000003 0.03125 0.028125
0 0.942969 0.4257815 0.026561999999999995 0.026562749999999996
0 0.915625 0.45546875 0.028125 0.0234375
0 0.942187 0.47109349999999994 0.0375 0.02968725
0 0.914062 0.5 0.025 0.02499975
0 0.94375 0.5148440000000001 0.025 0.0234375
0 0.402344 0.3132815 0.042188 0.0328125
0 0.43671899999999997 0.3125 0.026561999999999995 0.0375
0 0.382812 0.27265625 0.034375 0.035937750000000004
0 0.371875 0.233594 0.034375 0.035937750000000004
0 0.39375 0.19921850000000002 0.03125 0.02968725
0 0.383594 0.17031274999999998 0.020313 0.02187525
