1 0.174219 0.667969 0.060937 0.064062
1 0.121875 0.651563 0.059375 0.059375
1 0.099219 0.583594 0.064062 0.064062
1 0.167969 0.607812 0.054688 0.056250
1 0.098437 0.468750 0.059375 0.046875
1 0.120313 0.325000 0.050000 0.043750
2 0.177344 0.379688 0.048438 0.050000
2 0.111719 0.408594 0.067187 0.060937
2 0.164844 0.493750 0.048438 0.059375
2 0.082031 0.525000 0.079687 0.065625
2 0.151562 0.547656 0.040625 0.042188
2 0.858594 0.757812 0.073438 0.081250
2 0.750000 0.810156 0.078125 0.089063
2 0.862500 0.844531 0.084375 0.060937
0 0.175781 0.308594 0.042188 0.039062
