0 0.301563 0.23437475000000002 0.04375 0.043749750000000004
0 0.310937 0.19921850000000002 0.0375 0.0328125
2 0.420312 0.41796875 0.0625 0.057812249999999996
2 0.357031 0.37968725000000003 0.060937 0.065625
2 0.355469 0.44999975000000003 0.057813 0.059375250000000004
2 0.415625 0.4898435 0.0625 0.057812249999999996
2 0.352344 0.51250025 0.057813 0.059375250000000004
2 0.40546899999999997 0.54453125 0.051562 0.0515625
2 0.349219 0.6210935 0.048438 0.0515625
2 0.321875 0.664844 0.05625 0.05468775
2 0.333594 0.710156 0.057813 0.0515625
2 0.382812 0.69921875 0.059375 0.05468775
2 0.41406200000000004 0.65703125 0.05625 0.0515625
1 0.352344 0.56328125 0.032813 0.0328125
1 0.3875 0.59687525 0.0375 0.04062525
1 0.389844 0.730469 0.051562 0.04843725
0 0.365625 0.76562525 0.046875 0.04062525
