2 0.289062 0.57656225 0.0375 0.0375
2 0.242969 0.60546875 0.029687 0.02968725
2 0.264844 0.6492185 0.042188 0.026562749999999996
2 0.605469 0.4070315 0.029687 0.0328125
0 0.651563 0.39765649999999997 0.034375 0.0234375
1 0.646875 0.434375 0.03125 0.03125025
1 0.613281 0.45625024999999997 0.032813 0.034374749999999996
1 0.58125 0.44218775 0.03125 0.028125
1 0.565625 0.49140649999999997 0.034375 0.035937750000000004
1 0.605469 0.49453099999999994 0.039062 0.0328125
1 0.602344 0.5195315 0.026561999999999995 0.0234375
1 0.211719 0.68125025 0.032813 0.034374749999999996
1 0.270313 0.6960935 0.034375 0.026562749999999996
1 0.217969 0.7164065 0.029687 0.026562749999999996
1 0.253125 0.715625 0.03125 0.03125025
