1 0.2875 0.66718775 0.065625 0.06249975
1 0.254688 0.44999975000000003 0.0625 0.059375250000000004
1 0.316406 0.49765625 0.073438 0.0609375
1 0.227344 0.51718775 0.076563 0.059375250000000004
1 0.3 0.5687502500000001 0.08125 0.06875025
1 0.208594 0.57812525 0.073438 0.059375250000000004
1 0.221875 0.64765625 0.065625 0.0609375
1 0.854688 0.63749975 0.046875 0.0375
1 0.803125 0.6132815 0.04375 0.035937750000000004
1 0.804688 0.565625 0.040625 0.046875
1 0.864844 0.59687525 0.045312 0.04062525
1 0.8664059999999999 0.54453125 0.039062 0.03906225
1 0.800781 0.5148440000000001 0.039062 0.0421875
1 0.864844 0.49296875 0.045312 0.04531275
1 0.873437 0.44218775 0.053125 0.05000025
1 0.258594 0.36796850000000003 0.045312 0.04531275
1 0.325781 0.41406275 0.045312 0.046875
1 0.327344 0.316406 0.054688 0.0515625
0 0.240625 0.76015625 0.059375 0.0609375
0 0.769531 0.79296875 0.035937 0.035937750000000004
0 0.809375 0.77890625 0.0375 0.0328125
0 0.8289060000000001 0.74687525 0.048438 0.034374749999999996
0 0.7875 0.70312475 0.05625 0.046875
0 0.8429689999999999 0.6789065 0.039062 0.0328125
0 0.822656 0.70859375 0.020313 0.0234375
0 0.794531 0.6539059999999999 0.051562 0.04531275
0 0.778125 0.7351565 0.034375 0.026562749999999996
0 0.7625 0.7625 0.025 0.02187525
2 0.603125 0.786719 0.065625 0.0609375
2 0.526563 0.80234375 0.053125 0.0609375
2 0.577344 0.8453127500000001 0.054688 0.043749750000000004
1 0.9304690000000001 0.65703125 0.026561999999999995 0.026562749999999996
1 0.925781 0.70390625 0.035937 0.03906225
1 0.93125 0.75468725 0.040625 0.0375
1 0.982812 0.777344 0.034375 0.035937750000000004
1 0.9617190000000001 0.8296872499999999 0.048438 0.0375
1 0.9851560000000001 0.8453127500000001 0.029687 0.04062525
1 0.988281 0.81171875 0.023438 0.0421875
1 0.926562 0.17343725000000002 0.0375 0.043749750000000004
1 0.900781 0.14609375 0.045312 0.03906225
1 0.886719 0.17890625 0.048438 0.0421875
1 0.869531 0.213281 0.042188 0.0328125
0 0.860938 0.25625 0.0375 0.03125025
1 0.25625 0.28671875 0.040625 0.035937750000000004
1 0.232813 0.265625 0.034375 0.028125
1 0.225 0.2375 0.046875 0.0375
