2 0.45625 0.5570315000000001 0.034375 0.03906225
2 0.490625 0.541406 0.03125 0.0328125
2 0.485938 0.57656225 0.0375 0.034374749999999996
2 0.457031 0.66171875 0.029687 0.02968725
2 0.465625 0.6882815 0.03125 0.0328125
2 0.480469 0.65156225 0.026561999999999995 0.02499975
2 0.484375 0.67656275 0.028125 0.03125025
2 0.603906 0.288281 0.029687 0.02968725
2 0.589844 0.33359375 0.032813 0.0328125
2 0.647656 0.32343725 0.029687 0.02499975
2 0.645312 0.3640625 0.0375 0.03125025
2 0.640625 0.40859375 0.034375 0.0328125
2 0.583594 0.430469 0.039062 0.0328125
2 0.641406 0.45859400000000006 0.042188 0.03906225
2 0.586719 0.47812475 0.042188 0.04062525
2 0.642188 0.5015622499999999 0.04375 0.0375
2 0.590625 0.5195315 0.04375 0.0421875
2 0.638281 0.53984375 0.039062 0.035937750000000004
1 0.589063 0.5601559999999999 0.04375 0.035937750000000004
1 0.589844 0.5984375 0.039062 0.04062525
1 0.632031 0.5804690000000001 0.035937 0.03906225
2 0.775 0.19687475000000002 0.025 0.028125
2 0.789062 0.203906 0.025 0.0234375
2 0.779687 0.23046875 0.028125 0.0234375
2 0.775 0.25468775 0.03125 0.028125
2 0.76875 0.27812525 0.034375 0.03125025
2 0.772656 0.30468725 0.032813 0.03125025
