1 0.394531 0.3789065 0.054688 0.057812249999999996
1 0.300781 0.44999975000000003 0.060937 0.05312475
1 0.4 0.47890625 0.065625 0.0703125
1 0.302344 0.53984375 0.067187 0.057812249999999996
1 0.396094 0.59062475 0.060937 0.059375250000000004
1 0.285156 0.62500025 0.079687 0.06875025
1 0.373437 0.6656247499999999 0.071875 0.065625
1 0.2625 0.70312475 0.08125 0.075
1 0.346875 0.7359372499999999 0.071875 0.06875025
1 0.910937 0.682031 0.040625 0.0515625
1 0.988281 0.644531 0.023438 0.03906225
1 0.982812 0.7203125 0.034375 0.046875
1 0.909375 0.753125 0.053125 0.05312475
1 0.9054689999999999 0.8179684999999999 0.070312 0.057812249999999996
1 0.980469 0.8039059999999999 0.039062 0.057812249999999996
1 0.976562 0.8578122499999999 0.046875 0.034374749999999996
1 0.9085940000000001 0.8609375 0.064062 0.028125
0 0.339062 0.8078127500000001 0.046875 0.0375
0 0.275781 0.7625 0.042188 0.0375
