1 0.175781 0.792969 0.079687 0.070312
1 0.263281 0.753906 0.073438 0.057813
1 0.187500 0.726562 0.053125 0.053125
1 0.189062 0.628125 0.043750 0.043750
1 0.707812 0.701562 0.046875 0.040625
1 0.736719 0.688281 0.026562 0.042188
2 0.520312 0.722656 0.040625 0.035937
2 0.512500 0.746094 0.046875 0.029687
2 0.495312 0.778125 0.031250 0.034375
2 0.482031 0.827344 0.057813 0.048438
2 0.188281 0.556250 0.067187 0.056250
2 0.179688 0.488281 0.084375 0.073438
2 0.166406 0.400000 0.079687 0.068750
2 0.253125 0.360156 0.062500 0.060937
0 0.687500 0.264062 0.031250 0.037500
0 0.710938 0.253125 0.025000 0.021875
0 0.683594 0.235156 0.026562 0.023438
0 0.712500 0.221094 0.028125 0.026562
0 0.683594 0.203125 0.026562 0.031250
0 0.714844 0.192188 0.026562 0.031250
0 0.685156 0.169531 0.026562 0.023438
0 0.731250 0.160156 0.028125 0.029687
0 0.860156 0.531250 0.026562 0.025000
0 0.889062 0.522656 0.028125 0.035937
1 0.973437 0.278906 0.037500 0.035937
1 0.967969 0.318750 0.035937 0.037500
1 0.925781 0.293750 0.029687 0.031250
1 0.917188 0.332031 0.031250 0.039062
1 0.958594 0.355469 0.035937 0.029687
1 0.903125 0.371875 0.037500 0.028125
1 0.950000 0.391406 0.034375 0.032813
1 0.900781 0.407031 0.042188 0.032813
1 0.935937 0.421094 0.034375 0.032813
1 0.605469 0.192969 0.029687 0.029687
1 0.550781 0.221094 0.032813 0.026562
1 0.600000 0.258594 0.028125 0.035937
1 0.542188 0.275000 0.037500 0.037500
1 0.083594 0.148438 0.057813 0.043750
1 0.064062 0.196094 0.050000 0.042188
2 0.019531 0.167187 0.035937 0.059375
0 0.067187 0.245312 0.034375 0.037500
0 0.021875 0.217969 0.040625 0.032813
0 0.273438 0.577344 0.037500 0.039062
2 0.476562 0.864062 0.056250 0.021875
0 0.889062 0.434375 0.034375 0.021875
1 0.700781 0.137500 0.042188 0.025000
