2 0.119531 0.261719 0.095312 0.098437
2 0.232031 0.333594 0.085938 0.079687
2 0.114062 0.373437 0.100000 0.087500
2 0.203906 0.408594 0.092188 0.082812
1 0.217969 0.490625 0.085938 0.068750
0 0.123438 0.461719 0.087500 0.064062
0 0.125000 0.543750 0.087500 0.071875
0 0.234375 0.560937 0.078125 0.065625
0 0.181250 0.625781 0.065625 0.048438
0 0.232031 0.621875 0.042188 0.043750
0 0.127344 0.679688 0.073438 0.081250
0 0.197656 0.682031 0.076563 0.057813
0 0.350000 0.184375 0.037500 0.037500
0 0.342969 0.141406 0.032813 0.029687
0 0.330469 0.222656 0.064062 0.042188
0 0.715625 0.151562 0.071875 0.050000
2 0.349219 0.639844 0.070312 0.064062
0 0.874219 0.308594 0.042188 0.042188
0 0.913281 0.285938 0.035937 0.028125
0 0.915625 0.252344 0.034375 0.032813
0 0.914062 0.209375 0.025000 0.028125
0 0.912500 0.162500 0.031250 0.031250
0 0.852344 0.275000 0.032813 0.037500
0 0.853906 0.237500 0.029687 0.031250
0 0.858594 0.186719 0.032813 0.032813
0 0.750781 0.650000 0.029687 0.028125
1 0.754687 0.608594 0.050000 0.029687
1 0.008594 0.438281 0.014063 0.039062
1 0.010156 0.484375 0.017188 0.037500
1 0.012500 0.532813 0.021875 0.046875
1 0.007031 0.585156 0.010937 0.039062
