0 0.642969 0.72812525 0.039062 0.05000025
0 0.682813 0.74062475 0.0375 0.04062525
0 0.685937 0.7054685 0.034375 0.02968725
0 0.68125 0.66875 0.025 0.03125025
0 0.654687 0.67656275 0.021875 0.02499975
0 0.640625 0.6421872499999999 0.025 0.02187525
0 0.659375 0.6273440000000001 0.021875 0.0234375
1 0.628125 0.425 0.05 0.05312475
1 0.589844 0.4625 0.045312 0.043749750000000004
1 0.627344 0.49453099999999994 0.057813 0.0421875
1 0.5875 0.5148440000000001 0.05 0.03906225
1 0.620313 0.552344 0.053125 0.04531275
1 0.625781 0.60156275 0.054688 0.043749750000000004
1 0.582812 0.56718725 0.03125 0.04062525
2 0.671094 0.58124975 0.042188 0.05000025
