0 0.381250 0.170313 0.046875 0.065625
0 0.435937 0.153125 0.050000 0.050000
0 0.414844 0.191406 0.051562 0.051562
0 0.854688 0.196875 0.050000 0.053125
0 0.888281 0.172656 0.045312 0.048438
0 0.837500 0.147656 0.037500 0.035937
2 0.257812 0.365625 0.068750 0.065625
2 0.186719 0.410938 0.070312 0.062500
2 0.261719 0.435156 0.067187 0.060937
1 0.208594 0.459375 0.048438 0.040625
1 0.277344 0.475781 0.051562 0.035937
1 0.207031 0.514062 0.048438 0.040625
2 0.287500 0.552344 0.059375 0.051562
2 0.277344 0.603125 0.064062 0.062500
2 0.201563 0.594531 0.056250 0.051562
2 0.192969 0.643750 0.067187 0.065625
2 0.282813 0.657031 0.062500 0.064062
2 0.260156 0.707031 0.064062 0.067187
2 0.204687 0.696094 0.065625 0.064062
