1 0.250000 0.735938 0.068750 0.065625
1 0.167187 0.704688 0.056250 0.053125
1 0.171094 0.753906 0.070312 0.051562
1 0.261719 0.657031 0.045312 0.045312
1 0.164062 0.617969 0.053125 0.039062
1 0.261719 0.584375 0.048438 0.034375
2 0.174219 0.505469 0.073438 0.070312
2 0.258594 0.535156 0.070312 0.067187
2 0.272656 0.473438 0.079687 0.059375
2 0.288281 0.411719 0.067187 0.067187
2 0.178125 0.432812 0.075000 0.062500
1 0.425000 0.760938 0.062500 0.062500
1 0.626563 0.821875 0.040625 0.046875
1 0.667969 0.797656 0.039062 0.039062
0 0.451562 0.707031 0.034375 0.029687
0 0.618750 0.714844 0.031250 0.026562
0 0.676562 0.721094 0.018750 0.026562
0 0.672656 0.678906 0.029687 0.020313
1 0.470313 0.666406 0.031250 0.032813
1 0.616406 0.782031 0.035937 0.020313
1 0.789062 0.376563 0.028125 0.046875
1 0.790625 0.314063 0.043750 0.053125
1 0.792188 0.268750 0.050000 0.040625
1 0.759375 0.242969 0.046875 0.039062
1 0.788281 0.226562 0.042188 0.040625
1 0.796094 0.179688 0.035937 0.040625
