1 0.176563 0.754687 0.059375 0.059375
1 0.249219 0.747656 0.073438 0.064062
1 0.146094 0.696875 0.067187 0.056250
1 0.138281 0.643750 0.079687 0.053125
1 0.221875 0.637500 0.065625 0.053125
1 0.142187 0.575000 0.078125 0.062500
1 0.227344 0.550000 0.064062 0.059375
1 0.157812 0.514844 0.059375 0.054688
1 0.230469 0.484375 0.048438 0.053125
1 0.171875 0.450000 0.053125 0.046875
1 0.226562 0.424219 0.046875 0.045312
1 0.164844 0.377344 0.054688 0.048438
1 0.214844 0.694531 0.057813 0.051562
0 0.739844 0.154688 0.067187 0.056250
0 0.693750 0.164062 0.059375 0.059375
0 0.233594 0.607031 0.048438 0.032813
2 0.983594 0.631250 0.032813 0.078125
2 0.977344 0.555469 0.045312 0.073438
