0 0.289062 0.767969 0.071875 0.067187
0 0.359375 0.707031 0.059375 0.060937
0 0.279687 0.696094 0.078125 0.070312
0 0.260937 0.615625 0.068750 0.062500
0 0.721875 0.750000 0.040625 0.037500
0 0.678906 0.740625 0.042188 0.040625
0 0.724219 0.714844 0.035937 0.032813
0 0.685156 0.685156 0.035937 0.035937
0 0.732031 0.674219 0.035937 0.032813
0 0.685937 0.642188 0.034375 0.031250
0 0.730469 0.635156 0.035937 0.029687
1 0.244531 0.520312 0.082812 0.075000
1 0.349219 0.470313 0.079687 0.078125
1 0.252344 0.425000 0.085938 0.078125
1 0.351562 0.378125 0.078125 0.068750
2 0.248438 0.318750 0.084375 0.075000
2 0.349219 0.307031 0.070312 0.070312
2 0.255469 0.221875 0.085938 0.081250
1 0.715625 0.598437 0.062500 0.046875
0 0.739062 0.216406 0.053125 0.057813
0 0.709375 0.176563 0.059375 0.062500
0 0.755469 0.154688 0.054688 0.050000
