2 0.182812 0.66718775 0.05625 0.046875
2 0.185938 0.7148435 0.034375 0.035937750000000004
2 0.171875 0.749219 0.0375 0.035937750000000004
1 0.507031 0.4164065 0.045312 0.03906225
1 0.584375 0.44765599999999994 0.046875 0.0421875
1 0.585156 0.49375025000000006 0.045312 0.043749750000000004
1 0.50625 0.50234375 0.05 0.04843725
1 0.574219 0.5375 0.048438 0.0375
1 0.508594 0.55468775 0.048438 0.05000025
1 0.569531 0.58203125 0.045312 0.04843725
1 0.516406 0.59999975 0.051562 0.034374749999999996
1 0.167187 0.8132809999999999 0.0375 0.026562749999999996
1 0.176563 0.84921875 0.059375 0.0328125
1 0.199219 0.8054690000000001 0.029687 0.02968725
0 0.517969 0.655469 0.042188 0.04531275
0 0.561719 0.663281 0.042188 0.04843725
0 0.56875 0.62500025 0.028125 0.028125
0 0.639844 0.565625 0.054688 0.0375
0 0.202344 0.77890625 0.035937 0.0328125
