0 0.237500 0.802344 0.068750 0.064062
0 0.283594 0.767188 0.048438 0.046875
0 0.201563 0.754687 0.062500 0.056250
0 0.304688 0.722656 0.056250 0.045312
0 0.240625 0.689844 0.050000 0.048438
1 0.303906 0.665625 0.067187 0.059375
1 0.238281 0.622656 0.073438 0.070312
1 0.321094 0.611719 0.060937 0.060937
1 0.798438 0.854688 0.068750 0.040625
1 0.810937 0.796094 0.075000 0.067187
1 0.832812 0.734375 0.050000 0.050000
1 0.859375 0.677344 0.046875 0.051562
1 0.851562 0.609375 0.046875 0.050000
2 0.359375 0.295312 0.056250 0.053125
2 0.260937 0.332031 0.065625 0.054688
2 0.346875 0.383594 0.071875 0.064062
2 0.253906 0.434375 0.079687 0.065625
2 0.346094 0.477344 0.070312 0.064062
2 0.248438 0.498437 0.065625 0.062500
2 0.338281 0.545312 0.070312 0.056250
2 0.295312 0.839063 0.053125 0.056250
2 0.243750 0.851562 0.050000 0.043750
1 0.254688 0.560937 0.062500 0.053125
2 0.310937 0.775000 0.056250 0.059375
0 0.924219 0.172656 0.082812 0.076563
0 0.977344 0.210938 0.045312 0.068750
0 0.910937 0.265625 0.093750 0.078125
2 0.021875 0.666406 0.040625 0.048438
2 0.017188 0.721094 0.031250 0.051562
1 0.031250 0.779687 0.031250 0.025000
1 0.028906 0.816406 0.032813 0.029687
1 0.025000 0.855469 0.046875 0.035937
