1 0.130469 0.33359375 0.098437 0.08593724999999999
1 0.2625 0.430469 0.090625 0.08281275
1 0.126562 0.44140625 0.1 0.08593724999999999
1 0.21640600000000002 0.5031252500000001 0.085938 0.08124975
1 0.20546899999999998 0.5851565 0.085938 0.08593724999999999
1 0.176563 0.66640625 0.09375 0.08593724999999999
0 0.101562 0.60625025 0.09375 0.084375
0 0.178906 0.7484375 0.064062 0.05625
0 0.076563 0.77500025 0.071875 0.07187475
0 0.89375 0.19140649999999998 0.071875 0.07343775
0 0.964063 0.19140649999999998 0.071875 0.0703125
1 0.964063 0.74999975 0.06875 0.059375250000000004
1 0.9382810000000001 0.8109372499999999 0.076563 0.075
