0 0.508594 0.642969 0.032813 0.026562
0 0.499219 0.590625 0.032813 0.031250
0 0.460156 0.592187 0.026562 0.025000
0 0.485156 0.545312 0.035937 0.025000
0 0.450781 0.556250 0.032813 0.025000
1 0.481250 0.507812 0.050000 0.046875
1 0.432031 0.519531 0.045312 0.039062
1 0.435156 0.464062 0.045312 0.043750
1 0.428906 0.415625 0.054688 0.046875
1 0.482031 0.411719 0.045312 0.054688
1 0.501563 0.364063 0.037500 0.043750
0 0.855469 0.271875 0.048438 0.043750
0 0.841406 0.232031 0.048438 0.039062
0 0.837500 0.187500 0.043750 0.043750
0 0.895312 0.153906 0.031250 0.026562
1 0.994531 0.628906 0.010937 0.035937
1 0.992188 0.685937 0.015625 0.046875
1 0.975000 0.760156 0.050000 0.051562
1 0.967187 0.801562 0.046875 0.040625
