1 0.159375 0.264062 0.075000 0.071875
2 0.253125 0.339062 0.075000 0.075000
1 0.135937 0.348438 0.075000 0.068750
2 0.122656 0.499219 0.082812 0.073438
1 0.210938 0.549219 0.084375 0.057813
1 0.118750 0.577344 0.075000 0.067187
2 0.205469 0.484375 0.073438 0.062500
0 0.126562 0.638281 0.056250 0.045312
0 0.210156 0.678125 0.064062 0.043750
0 0.208594 0.620313 0.076563 0.075000
0 0.118750 0.689844 0.053125 0.048438
0 0.204687 0.727344 0.046875 0.048438
0 0.123438 0.750781 0.071875 0.070312
2 0.235156 0.421094 0.079687 0.060937
2 0.126562 0.426563 0.084375 0.068750
0 0.174219 0.757031 0.057813 0.057813
