2 0.307812 0.38125025 0.05625 0.05312475
2 0.365625 0.40781225 0.053125 0.05312475
2 0.310156 0.4390625 0.057813 0.05000025
2 0.36875 0.46796899999999997 0.05625 0.0515625
2 0.315625 0.49843775 0.05 0.05312475
2 0.366406 0.5179685 0.045312 0.04531275
1 0.316406 0.541406 0.029687 0.02968725
1 0.363281 0.5609375 0.035937 0.0375
2 0.322656 0.59062475 0.042188 0.043749750000000004
2 0.305469 0.63281225 0.048438 0.043749750000000004
2 0.321094 0.66875 0.048438 0.05000025
1 0.361719 0.65781275 0.054688 0.05312475
2 0.386719 0.61484375 0.048438 0.04843725
1 0.948438 0.20546899999999998 0.075 0.07343775
1 0.935937 0.25703149999999997 0.06875 0.06406275
1 0.947656 0.316406 0.060937 0.0515625
1 0.371094 0.67968725 0.042188 0.0375
0 0.355469 0.710156 0.039062 0.035937750000000004
2 0.364844 0.65781275 0.048438 0.05000025
