1 0.557813 0.45546875 0.046875 0.04843725
1 0.485938 0.4726565 0.053125 0.03906225
1 0.560937 0.5476565 0.05 0.04843725
1 0.550781 0.58124975 0.057813 0.05312475
1 0.49531200000000003 0.60078125 0.05 0.04843725
1 0.49531200000000003 0.659375 0.05625 0.05312475
1 0.546094 0.6390627500000001 0.054688 0.05312475
0 0.527344 0.682031 0.045312 0.04531275
0 0.380469 0.25078100000000003 0.054688 0.04843725
0 0.324219 0.224219 0.054688 0.05468775
0 0.332813 0.17421875 0.0375 0.03906225
0 0.403906 0.16953125 0.039062 0.0421875
2 0.299219 0.30156275 0.039062 0.046875
2 0.276562 0.34296875 0.04375 0.0421875
