1 0.725781 0.149219 0.048438 0.04531275
1 0.655469 0.18515600000000002 0.051562 0.057812249999999996
1 0.710938 0.228125 0.05 0.05000025
1 0.639844 0.242969 0.048438 0.0515625
1 0.635156 0.29375 0.051562 0.043749750000000004
1 0.68125 0.28281275 0.046875 0.05312475
0 0.650781 0.325781 0.029687 0.0328125
0 0.678125 0.32343725 0.028125 0.0375
0 0.653125 0.37734349999999994 0.03125 0.02968725
0 0.675781 0.36562474999999994 0.029687 0.028125
0 0.646875 0.41328125 0.03125 0.0328125
0 0.673438 0.40859375 0.040625 0.0328125
0 0.65625 0.449219 0.0375 0.0328125
0 0.625 0.45859400000000006 0.034375 0.035937750000000004
0 0.642188 0.5085934999999999 0.04375 0.04531275
2 0.379688 0.575 0.059375 0.05312475
2 0.285156 0.5851565 0.060937 0.057812249999999996
2 0.361719 0.6414065 0.060937 0.05468775
1 0.278125 0.64687475 0.0375 0.04062525
1 0.339844 0.696875 0.042188 0.04062525
1 0.260156 0.7164065 0.045312 0.03906225
1 0.330469 0.7578125 0.048438 0.05000025
1 0.326562 0.8156247499999999 0.059375 0.05312475
1 0.24375 0.7710934999999999 0.053125 0.0515625
1 0.239844 0.8039059999999999 0.054688 0.0421875
1 0.2375 0.84453125 0.053125 0.05468775
