1 0.42109399999999997 0.20781275 0.054688 0.05000025
1 0.410156 0.2554685 0.054688 0.04531275
1 0.402344 0.3117185 0.057813 0.0515625
1 0.330469 0.233594 0.057813 0.0515625
1 0.33125 0.29062475 0.053125 0.04062525
1 0.33125 0.34765625 0.05 0.0515625
1 0.335938 0.39921875 0.04375 0.03906225
1 0.397656 0.3734375 0.051562 0.05625
0 0.398438 0.42343775000000006 0.03125 0.03125025
0 0.396875 0.486719 0.0375 0.035937750000000004
0 0.335938 0.453125 0.046875 0.0375
0 0.3375 0.5148440000000001 0.0375 0.0328125
