1 0.196875 0.327344 0.059375 0.051562
1 0.275781 0.369531 0.057813 0.057813
1 0.193750 0.400000 0.062500 0.050000
1 0.275781 0.438281 0.054688 0.039062
1 0.276562 0.514844 0.068750 0.042188
1 0.209375 0.534375 0.056250 0.046875
2 0.416406 0.461719 0.054688 0.042188
2 0.475000 0.491406 0.053125 0.039062
2 0.472656 0.540625 0.042188 0.040625
2 0.475781 0.578125 0.035937 0.025000
2 0.468750 0.615625 0.034375 0.037500
2 0.417969 0.514844 0.048438 0.042188
2 0.423438 0.556250 0.040625 0.028125
2 0.414844 0.587500 0.039062 0.025000
2 0.415625 0.623437 0.053125 0.031250
2 0.407813 0.660937 0.046875 0.040625
0 0.207031 0.453125 0.035937 0.037500
0 0.272656 0.559375 0.029687 0.031250
0 0.262500 0.619531 0.037500 0.029687
0 0.196094 0.644531 0.032813 0.032813
0 0.250781 0.691406 0.045312 0.039062
0 0.182031 0.722656 0.048438 0.048438
0 0.241406 0.753125 0.042188 0.053125
0 0.928906 0.559375 0.042188 0.040625
0 0.982031 0.537500 0.035937 0.037500
0 0.939063 0.503125 0.043750 0.034375
0 0.989062 0.474219 0.021875 0.035937
