1 0.240625 0.644531 0.06875 0.06406275
1 0.303125 0.6679685 0.065625 0.0609375
1 0.253906 0.70625 0.064062 0.059375250000000004
1 0.310156 0.72734375 0.057813 0.0609375
1 0.951562 0.78749975 0.075 0.06875025
2 0.25 0.40468775 0.040625 0.043749750000000004
2 0.24375 0.48437525 0.065625 0.06249975
2 0.308594 0.44999975000000003 0.054688 0.046875
2 0.321875 0.5031252500000001 0.059375 0.05625
2 0.308594 0.55625 0.064062 0.05625
2 0.249219 0.528125 0.054688 0.05000025
2 0.225 0.58671875 0.06875 0.06406275
2 0.290625 0.6132815 0.059375 0.057812249999999996
0 0.592187 0.1710935 0.040625 0.04531275
0 0.592187 0.22031225000000002 0.040625 0.0375
0 0.305469 0.37656275000000006 0.039062 0.04062525
2 0.8 0.40625 0.034375 0.028125
2 0.839063 0.41796875 0.0375 0.0328125
2 0.84375 0.45156275 0.040625 0.03125025
2 0.796875 0.43828100000000003 0.0375 0.02968725
