2 0.157031 0.46406225 0.076563 0.06875025
2 0.22265600000000002 0.43281274999999997 0.073438 0.05625
2 0.23828100000000002 0.47968774999999997 0.042188 0.04062525
2 0.167969 0.5179685 0.045312 0.04843725
2 0.170313 0.589844 0.05 0.0515625
1 0.24531200000000003 0.53984375 0.046875 0.04531275
1 0.239844 0.589844 0.042188 0.03906225
1 0.241406 0.70000025 0.048438 0.05000025
1 0.184375 0.6890622499999999 0.05625 0.05625
2 0.166406 0.6359375 0.067187 0.059375250000000004
2 0.232813 0.646094 0.065625 0.0609375
0 0.590625 0.139844 0.034375 0.026562749999999996
0 0.641406 0.17343725000000002 0.032813 0.04062525
0 0.59375 0.19765625 0.03125 0.0328125
0 0.645312 0.2375 0.034375 0.034374749999999996
0 0.585156 0.24843725 0.032813 0.02499975
