1 0.309375 0.40312475000000003 0.065625 0.059375250000000004
1 0.234375 0.4109375 0.0625 0.05625
1 0.239844 0.46874975 0.057813 0.05625
1 0.3 0.46484375 0.06875 0.0609375
1 0.240625 0.52656275 0.059375 0.05625
1 0.303125 0.5687502500000001 0.05625 0.05312475
1 0.240625 0.5835934999999999 0.059375 0.0515625
0 0.291406 0.6210935 0.054688 0.04531275
0 0.24765600000000002 0.617969 0.026561999999999995 0.02968725
1 0.063281 0.5796875 0.048438 0.043749750000000004
1 0.040625 0.6226565 0.05625 0.0515625
1 0.057813 0.6976565000000001 0.059375 0.0703125
1 0.021094 0.6585935 0.039062 0.06718725
1 0.398438 0.19296875 0.040625 0.04531275
0 0.482812 0.2851565 0.0375 0.0421875
0 0.435156 0.27812525 0.042188 0.043749750000000004
0 0.45625 0.30156275 0.034375 0.043749750000000004
0 0.508594 0.1671875 0.045312 0.046875
0 0.466406 0.194531 0.039062 0.03906225
0 0.488281 0.24609350000000002 0.042188 0.0421875
0 0.503906 0.21640625 0.039062 0.03906225
2 0.346094 0.22187525 0.035937 0.043749750000000004
2 0.364844 0.22578125 0.039062 0.03906225
