2 0.249219 0.244531 0.076563 0.082812
2 0.301563 0.291406 0.075000 0.079687
2 0.260156 0.313281 0.073438 0.079687
2 0.290625 0.370312 0.043750 0.040625
2 0.328125 0.345313 0.046875 0.050000
2 0.321875 0.428906 0.068750 0.064062
1 0.262500 0.449219 0.059375 0.064062
2 0.301563 0.491406 0.071875 0.070312
2 0.238281 0.544531 0.076563 0.070312
0 0.800781 0.250781 0.073438 0.064062
1 0.936719 0.700781 0.060937 0.057813
1 0.937500 0.745313 0.056250 0.062500
1 0.927344 0.798438 0.054688 0.053125
0 0.850781 0.156250 0.035937 0.043750
