1 0.121094 0.18359375 0.060937 0.06406275
1 0.152344 0.44531225 0.054688 0.046875
1 0.141406 0.37578125 0.064062 0.057812249999999996
1 0.135937 0.5218752500000001 0.0875 0.07187475
1 0.148438 0.589844 0.084375 0.07343775
2 0.154688 0.6601565 0.08125 0.08281275
2 0.22343799999999997 0.34687475 0.084375 0.07187475
2 0.23125 0.4054685 0.05625 0.04843725
2 0.24531200000000003 0.48749975 0.06875 0.059375250000000004
2 0.23671899999999998 0.54921875 0.082812 0.07343775
2 0.23828100000000002 0.617969 0.085938 0.07343775
2 0.22968700000000003 0.691406 0.08125 0.0703125
0 0.402344 0.15078125 0.070312 0.04843725
2 0.4875 0.14609375 0.0625 0.03906225
