2 0.557813 0.32812475 0.05 0.05000025
2 0.578125 0.38593774999999997 0.053125 0.05312475
2 0.625781 0.35781275 0.054688 0.05625
1 0.603125 0.428906 0.034375 0.0328125
1 0.65625 0.45078125 0.034375 0.0328125
1 0.619531 0.49296875 0.035937 0.0328125
0 0.607812 0.52578125 0.0375 0.0328125
1 0.649219 0.53984375 0.048438 0.04843725
1 0.6125 0.5804690000000001 0.046875 0.0421875
0 0.655469 0.578906 0.032813 0.035937750000000004
0 0.622656 0.61484375 0.035937 0.03906225
0 0.653906 0.61406225 0.042188 0.034374749999999996
0 0.660937 0.64843775 0.040625 0.0375
0 0.625 0.6546875 0.0375 0.034374749999999996
0 0.628906 0.672656 0.048438 0.0515625
1 0.8257809999999999 0.186719 0.042188 0.0421875
2 0.4875 0.49218725 0.05 0.046875
2 0.542188 0.5335940000000001 0.053125 0.0515625
2 0.540625 0.57343775 0.05 0.043749750000000004
2 0.54375 0.617969 0.05 0.04843725
2 0.552344 0.65312525 0.039062 0.043749750000000004
2 0.549219 0.692969 0.035937 0.03906225
2 0.560937 0.7242184999999999 0.04375 0.0421875
2 0.53125 0.753125 0.046875 0.046875
2 0.502344 0.719531 0.042188 0.04531275
2 0.485938 0.58593725 0.053125 0.043749750000000004
2 0.48359399999999997 0.636719 0.048438 0.04531275
2 0.492969 0.67499975 0.045312 0.046875
2 0.947656 0.278906 0.048438 0.0515625
2 0.9523439999999999 0.321875 0.048438 0.046875
1 0.95625 0.3585935 0.034375 0.0328125
1 0.942969 0.40312475000000003 0.045312 0.04062525
1 0.9539060000000001 0.43281274999999997 0.035937 0.034374749999999996
0 0.954688 0.45937474999999994 0.028125 0.02499975
0 0.963281 0.48828125 0.026561999999999995 0.0328125
