1 0.192188 0.5687502500000001 0.06875 0.05312475
1 0.266406 0.54062525 0.067187 0.05000025
1 0.2625 0.48515600000000003 0.046875 0.04531275
1 0.327344 0.749219 0.060937 0.04843725
1 0.20078100000000002 0.51250025 0.054688 0.05000025
1 0.275781 0.43593724999999994 0.060937 0.05312475
2 0.345313 0.55312475 0.05 0.05000025
2 0.344531 0.61015625 0.057813 0.05468775
2 0.329688 0.663281 0.059375 0.057812249999999996
2 0.314844 0.7093752500000001 0.064062 0.06249975
2 0.301563 0.6070309999999999 0.05 0.057812249999999996
2 0.290625 0.659375 0.059375 0.05625
0 0.242969 0.636719 0.042188 0.03906225
0 0.248438 0.696875 0.05625 0.05312475
0 0.2375 0.7625 0.05625 0.05625
0 0.183594 0.7578125 0.057813 0.06249975
0 0.160156 0.7203125 0.054688 0.05625
0 0.158594 0.66718775 0.057813 0.06249975
