0 0.310937 0.41406275 0.053125 0.05312475
1 0.2875 0.52578125 0.0625 0.06406275
1 0.335156 0.550781 0.064062 0.06718725
1 0.278906 0.6125 0.067187 0.065625
1 0.265625 0.6789065 0.075 0.06406275
1 0.23203100000000002 0.69921875 0.079687 0.0796875
1 0.24375 0.76874975 0.078125 0.065625
0 0.257031 0.824219 0.060937 0.06406275
0 0.282031 0.8062497499999999 0.073438 0.075
2 0.915625 0.457031 0.05 0.04531275
1 0.9710940000000001 0.47890625 0.032813 0.02968725
1 0.9085940000000001 0.4898435 0.023438 0.02968725
1 0.959375 0.5249997499999999 0.028125 0.034374749999999996
1 0.8976559999999999 0.5367184999999999 0.029687 0.02968725
1 0.946875 0.57812525 0.028125 0.02499975
1 0.894531 0.589844 0.032813 0.0328125
1 0.91875 0.692969 0.04375 0.0421875
1 0.885156 0.67109375 0.054688 0.0421875
