1 0.614844 0.40781225 0.048438 0.05000025
1 0.669531 0.43593724999999994 0.057813 0.05625
1 0.634375 0.47109349999999994 0.05 0.04843725
1 0.610156 0.44999975000000003 0.051562 0.04062525
2 0.328125 0.5046875 0.075 0.065625
2 0.227344 0.5601559999999999 0.076563 0.06718725
2 0.314063 0.6117185 0.065625 0.06406275
2 0.211719 0.635156 0.073438 0.06406275
2 0.29375 0.678125 0.065625 0.065625
2 0.203125 0.715625 0.06875 0.065625
2 0.282031 0.73124975 0.054688 0.06249975
2 0.171875 0.74218775 0.06875 0.059375250000000004
2 0.159375 0.777344 0.059375 0.04843725
1 0.159375 0.82109375 0.059375 0.0609375
2 0.21875 0.8078127500000001 0.059375 0.059375250000000004
2 0.24765600000000002 0.76406225 0.057813 0.06249975
1 0.34375 0.15078125 0.034375 0.0328125
1 0.338281 0.18281225 0.042188 0.034374749999999996
