2 0.498437 0.43593724999999994 0.059375 0.06249975
2 0.539844 0.477344 0.057813 0.05468775
2 0.640625 0.4632815 0.0625 0.057812249999999996
2 0.639844 0.51640625 0.060937 0.0609375
2 0.550781 0.522656 0.060937 0.057812249999999996
2 0.569531 0.5804690000000001 0.064062 0.06406275
2 0.628125 0.56796875 0.0625 0.0609375
1 0.600781 0.62031275 0.057813 0.059375250000000004
1 0.661719 0.61406225 0.060937 0.059375250000000004
1 0.628906 0.66718775 0.057813 0.06249975
1 0.69375 0.66093725 0.059375 0.06249975
0 0.680469 0.682031 0.054688 0.05468775
2 0.217188 0.1765625 0.046875 0.043749750000000004
2 0.221875 0.21718774999999998 0.04375 0.04062525
2 0.273438 0.23984375 0.04375 0.04531275
2 0.228125 0.260156 0.053125 0.04531275
2 0.264062 0.27734375 0.05 0.04531275
2 0.257031 0.308594 0.048438 0.04531275
2 0.217969 0.29218774999999997 0.051562 0.043749750000000004
2 0.42109399999999997 0.82109375 0.042188 0.04843725
2 0.449219 0.8062497499999999 0.045312 0.05312475
2 0.389062 0.775781 0.04375 0.04531275
