1 0.8585939999999999 0.17421875 0.073438 0.06718725
0 0.9210939999999999 0.25781225 0.051562 0.05312475
0 0.895312 0.22109375 0.053125 0.057812249999999996
1 0.484375 0.72734375 0.053125 0.057812249999999996
1 0.552344 0.71718725 0.057813 0.05312475
2 0.486719 0.38906224999999994 0.045312 0.043749750000000004
2 0.560937 0.36796850000000003 0.040625 0.03906225
2 0.560937 0.42734375 0.04375 0.035937750000000004
2 0.492969 0.4671875 0.057813 0.05625
2 0.569531 0.496094 0.048438 0.04843725
2 0.490625 0.53046875 0.05625 0.057812249999999996
2 0.564844 0.55390625 0.045312 0.0515625
2 0.567969 0.60625025 0.057813 0.05312475
2 0.48906299999999997 0.5890625 0.059375 0.059375250000000004
2 0.49921899999999997 0.6421872499999999 0.060937 0.059375250000000004
2 0.555469 0.659375 0.060937 0.06249975
0 0.958594 0.23125025 0.054688 0.059375250000000004
