1 0.153125 0.33749975 0.078125 0.06249975
1 0.240625 0.30156275 0.071875 0.06875025
1 0.249219 0.363281 0.076563 0.06718725
1 0.163281 0.40937524999999997 0.076563 0.06875025
1 0.24609399999999998 0.43828100000000003 0.070312 0.0609375
0 0.183594 0.45625024999999997 0.042188 0.043749750000000004
0 0.279687 0.5601559999999999 0.046875 0.04843725
0 0.20703100000000002 0.5367184999999999 0.035937 0.0328125
0 0.271875 0.486719 0.03125 0.02968725
0 0.203906 0.617969 0.064062 0.0609375
0 0.196094 0.664844 0.064062 0.0609375
0 0.285938 0.62031275 0.0625 0.059375250000000004
0 0.285156 0.67031225 0.060937 0.05625
0 0.282813 0.72812525 0.0625 0.059375250000000004
0 0.21640600000000002 0.69843725 0.064062 0.06249975
