2 0.304688 0.40781225 0.05 0.046875
2 0.29375 0.47968774999999997 0.05 0.046875
2 0.375 0.47109349999999994 0.046875 0.04531275
2 0.36875 0.5249997499999999 0.046875 0.05312475
2 0.289844 0.53984375 0.048438 0.04843725
2 0.352344 0.571094 0.045312 0.04531275
1 0.341406 0.6125 0.045312 0.05000025
1 0.272656 0.62890625 0.051562 0.04531275
0 0.2875 0.5804690000000001 0.040625 0.04531275
0 0.329688 0.659375 0.040625 0.0375
0 0.263281 0.6828125 0.051562 0.046875
0 0.264062 0.72656225 0.04375 0.04062525
0 0.327344 0.69843725 0.035937 0.0375
0 0.321875 0.7351565 0.0375 0.02968725
0 0.285938 0.753125 0.046875 0.043749750000000004
0 0.674219 0.14609375 0.032813 0.035937750000000004
0 0.648438 0.19140649999999998 0.03125 0.0328125
0 0.645312 0.26249975000000003 0.046875 0.043749750000000004
0 0.599219 0.22265600000000002 0.042188 0.0515625
0 0.564844 0.22968725 0.048438 0.05312475
2 0.520312 0.3023435 0.0375 0.03906225
2 0.58125 0.29062475 0.040625 0.0375
2 0.564844 0.32734399999999997 0.035937 0.035937750000000004
2 0.507031 0.35703125 0.032813 0.035937750000000004
2 0.501563 0.4109375 0.04375 0.043749750000000004
2 0.507812 0.4539065 0.04375 0.0421875
2 0.571875 0.5218752500000001 0.053125 0.05312475
2 0.523438 0.55000025 0.046875 0.05000025
1 0.551562 0.5703125 0.053125 0.05625
1 0.55 0.38515625 0.03125 0.035937750000000004
1 0.547656 0.439844 0.035937 0.0328125
1 0.557813 0.477344 0.034375 0.035937750000000004
2 0.523438 0.49687475000000003 0.04375 0.043749750000000004
1 0.711719 0.60546875 0.042188 0.04531275
2 0.7 0.561719 0.046875 0.0421875
2 0.725781 0.45468725 0.035937 0.0375
0 0.74375 0.6210935 0.040625 0.035937750000000004
2 0.74375 0.5218752500000001 0.040625 0.04062525
1 0.735938 0.59062475 0.04375 0.034374749999999996
0 0.678906 0.2046875 0.035937 0.043749750000000004
