2 0.491406 0.21171875 0.042188 0.0328125
2 0.485938 0.307031 0.0375 0.0328125
2 0.486719 0.35312525000000006 0.042188 0.04062525
2 0.471875 0.39062525 0.046875 0.04062525
2 0.528125 0.32500025 0.0375 0.034374749999999996
2 0.542969 0.36093725 0.048438 0.043749750000000004
2 0.552344 0.4015625 0.051562 0.043749750000000004
2 0.49375 0.415625 0.04375 0.0375
2 0.539062 0.4671875 0.034375 0.043749750000000004
1 0.501563 0.47421875 0.034375 0.03906225
2 0.980469 0.51171875 0.039062 0.05468775
2 0.978125 0.58671875 0.04375 0.0609375
2 0.971875 0.64843775 0.05625 0.06249975
2 0.971875 0.702344 0.05625 0.057812249999999996
2 0.758594 0.8031252500000001 0.048438 0.05312475
2 0.715625 0.8500002500000001 0.059375 0.05000025
1 0.292187 0.14375 0.03125 0.03125025
1 0.285938 0.17031274999999998 0.03125 0.03125025
1 0.311719 0.16093775 0.032813 0.028125
0 0.980469 0.4203125 0.035937 0.04062525
