2 0.699219 0.33749975 0.045312 0.046875
2 0.770312 0.359375 0.046875 0.043749750000000004
2 0.708594 0.396875 0.045312 0.043749750000000004
2 0.704688 0.45859400000000006 0.046875 0.04843725
2 0.772656 0.42265625 0.051562 0.04531275
2 0.771875 0.48515600000000003 0.053125 0.04843725
0 0.8726559999999999 0.17500025 0.051562 0.05000025
0 0.9195309999999999 0.196094 0.048438 0.0515625
0 0.934375 0.153125 0.053125 0.043749750000000004
0 0.8726559999999999 0.22187525 0.051562 0.046875
0 0.927344 0.23906225 0.045312 0.05000025
0 0.725 0.505469 0.028125 0.0328125
0 0.774219 0.53046875 0.029687 0.02968725
0 0.719531 0.55312475 0.032813 0.034374749999999996
0 0.726562 0.60078125 0.03125 0.0328125
0 0.774219 0.5796875 0.032813 0.03125025
0 0.778125 0.625781 0.040625 0.0421875
0 0.717187 0.64687475 0.0375 0.04062525
0 0.777344 0.67109375 0.048438 0.04531275
0 0.725781 0.70390625 0.048438 0.05468775
0 0.764844 0.71406275 0.051562 0.05000025
2 0.526563 0.8546877500000001 0.06875 0.04062525
