2 0.178125 0.5554685 0.065625 0.057812249999999996
2 0.246875 0.5953122499999999 0.0625 0.05312475
2 0.242188 0.65 0.05625 0.05000025
1 0.186719 0.66093725 0.035937 0.04062525
1 0.239844 0.69531275 0.042188 0.0375
1 0.173437 0.711719 0.05625 0.04843725
1 0.232813 0.7593747499999999 0.053125 0.05000025
1 0.226562 0.8156247499999999 0.05625 0.05000025
1 0.153906 0.8390622499999999 0.057813 0.05625
1 0.153125 0.7796877500000001 0.059375 0.05625
1 0.764844 0.49843775 0.057813 0.05312475
1 0.748437 0.5570315000000001 0.0625 0.04531275
1 0.735938 0.6171875 0.059375 0.05312475
1 0.682031 0.524219 0.057813 0.0515625
1 0.675 0.5757815 0.05625 0.05468775
1 0.676562 0.62812475 0.05625 0.05312475
1 0.671875 0.6773434999999999 0.053125 0.0515625
1 0.728906 0.67499975 0.060937 0.05312475
1 0.721875 0.72734375 0.0625 0.0515625
1 0.659375 0.728906 0.053125 0.05468775
0 0.671875 0.77421875 0.0375 0.0328125
0 0.652344 0.80234375 0.045312 0.04531275
0 0.708594 0.80703125 0.042188 0.04531275
0 0.698438 0.8460934999999999 0.05 0.0515625
0 0.6625 0.8476565 0.05625 0.04531275
