2 0.266406 0.503125 0.060937 0.053125
2 0.324219 0.462500 0.054688 0.046875
2 0.336719 0.514844 0.060937 0.054688
2 0.282813 0.553125 0.056250 0.053125
1 0.351562 0.545312 0.031250 0.034375
1 0.354687 0.596875 0.050000 0.043750
1 0.350000 0.645312 0.062500 0.062500
1 0.283594 0.637500 0.057813 0.053125
1 0.636719 0.153906 0.060937 0.054688
0 0.681250 0.151562 0.031250 0.037500
0 0.660156 0.190625 0.029687 0.040625
0 0.701562 0.198437 0.028125 0.031250
0 0.662500 0.228906 0.034375 0.035937
0 0.710156 0.241406 0.026562 0.032813
0 0.679688 0.284375 0.050000 0.043750
0 0.678125 0.327344 0.040625 0.039062
0 0.707812 0.340625 0.056250 0.037500
0 0.298438 0.593750 0.037500 0.028125
