2 0.49531200000000003 0.39765649999999997 0.05625 0.04843725
2 0.577344 0.4203125 0.051562 0.05312475
2 0.573438 0.47890625 0.059375 0.04843725
2 0.502344 0.45468725 0.057813 0.05000025
2 0.507031 0.505469 0.054688 0.04531275
2 0.563281 0.5289065 0.051562 0.0515625
1 0.507812 0.5554685 0.05 0.04843725
2 0.510156 0.603125 0.051562 0.05625
1 0.564844 0.617969 0.054688 0.05468775
2 0.567187 0.57343775 0.053125 0.05312475
2 0.350781 0.7359372499999999 0.042188 0.046875
1 0.342969 0.85625 0.048438 0.0375
1 0.411719 0.76093775 0.039062 0.0375
