1 0.439063 0.382031 0.05625 0.057812249999999996
1 0.3875 0.3320315 0.059375 0.05468775
1 0.403906 0.38046875 0.042188 0.0421875
0 0.458594 0.41484350000000003 0.035937 0.0328125
0 0.413281 0.434375 0.029687 0.03125025
0 0.458594 0.46796899999999997 0.032813 0.035937750000000004
0 0.408594 0.4859375 0.032813 0.028125
0 0.45781299999999997 0.524219 0.0375 0.0328125
0 0.404687 0.5453127500000001 0.03125 0.028125
0 0.43828100000000003 0.5804690000000001 0.035937 0.03906225
0 0.414844 0.621875 0.045312 0.046875
0 0.385937 0.59687525 0.0375 0.034374749999999996
2 0.336719 0.43124975 0.064062 0.059375250000000004
2 0.33125 0.4992185 0.05625 0.05468775
2 0.310937 0.57343775 0.046875 0.043749750000000004
2 0.314063 0.449219 0.05625 0.0515625
2 0.298438 0.62421875 0.05625 0.0515625
2 0.345313 0.59375 0.04375 0.043749750000000004
2 0.361719 0.65703125 0.057813 0.0515625
2 0.335156 0.7109375 0.051562 0.05000025
2 0.295312 0.730469 0.05625 0.05468775
1 0.885156 0.1804685 0.060937 0.0515625
1 0.85 0.22265600000000002 0.059375 0.057812249999999996
1 0.835938 0.275 0.05625 0.05625
1 0.8195309999999999 0.2007815 0.054688 0.0515625
1 0.809375 0.25078100000000003 0.053125 0.05468775
0 0.8257809999999999 0.317969 0.039062 0.02968725
2 0.976562 0.40312475000000003 0.046875 0.05312475
2 0.935937 0.5015622499999999 0.05625 0.04062525
2 0.928125 0.5476565 0.053125 0.0421875
2 0.927344 0.589844 0.051562 0.04531275
1 0.925 0.62968775 0.05 0.043749750000000004
1 0.9601559999999999 0.67031225 0.042188 0.05000025
1 0.9773440000000001 0.65 0.045312 0.043749750000000004
2 0.978125 0.6125 0.04375 0.034374749999999996
2 0.982812 0.5718747499999999 0.034375 0.0375
