1 0.360938 0.22890649999999998 0.05625 0.04843725
1 0.284375 0.28046899999999997 0.059375 0.0515625
1 0.358594 0.289844 0.051562 0.05468775
1 0.353125 0.36562474999999994 0.059375 0.05625
1 0.285156 0.34140650000000006 0.051562 0.04843725
1 0.264062 0.40937524999999997 0.0625 0.05312475
1 0.341406 0.42812525 0.064062 0.059375250000000004
1 0.330469 0.48203150000000006 0.067187 0.0609375
1 0.261719 0.457031 0.064062 0.0609375
1 0.255469 0.5148440000000001 0.060937 0.05468775
1 0.2625 0.5742185 0.065625 0.06406275
1 0.332031 0.542969 0.067187 0.057812249999999996
0 0.335156 0.59062475 0.042188 0.043749750000000004
0 0.34375 0.6304684999999999 0.046875 0.03906225
0 0.314063 0.66718775 0.053125 0.05625
0 0.272656 0.6171875 0.048438 0.043749750000000004
1 0.9679689999999999 0.775781 0.048438 0.04843725
1 0.975 0.832031 0.05 0.04843725
1 0.8523440000000001 0.6875 0.039062 0.03125025
1 0.896094 0.76874975 0.035937 0.04062525
1 0.882812 0.8031252500000001 0.040625 0.0375
1 0.898438 0.8335940000000001 0.0375 0.035937750000000004
