1 0.22968700000000003 0.2703125 0.053125 0.046875
1 0.310937 0.32421875 0.059375 0.05468775
1 0.22265600000000002 0.33906274999999997 0.051562 0.043749750000000004
1 0.3 0.372656 0.059375 0.05468775
1 0.298438 0.43750025 0.059375 0.05000025
1 0.225781 0.40859375 0.060937 0.0515625
1 0.232813 0.47343725000000003 0.059375 0.05625
0 0.29375 0.486719 0.040625 0.03906225
0 0.23906299999999997 0.58750025 0.04375 0.034374749999999996
0 0.3125 0.6039065000000001 0.0375 0.03906225
0 0.251563 0.64687475 0.046875 0.043749750000000004
0 0.31875 0.65781275 0.053125 0.046875
0 0.315625 0.70000025 0.040625 0.04062525
0 0.319531 0.74531225 0.057813 0.05000025
0 0.254688 0.69921875 0.05625 0.0515625
2 0.091406 0.71718725 0.051562 0.046875
2 0.121094 0.758594 0.048438 0.04843725
2 0.138281 0.785156 0.048438 0.04843725
2 0.1625 0.82578125 0.04375 0.03906225
2 0.8273439999999999 0.47421875 0.051562 0.04843725
2 0.8585939999999999 0.509375 0.051562 0.05000025
1 0.860938 0.5804690000000001 0.046875 0.04531275
