2 0.244531 0.4070315 0.054688 0.057812249999999996
2 0.292969 0.46406225 0.064062 0.06249975
2 0.228125 0.45546875 0.05625 0.0609375
2 0.24531200000000003 0.5046875 0.053125 0.05312475
2 0.24609399999999998 0.5687502500000001 0.070312 0.065625
2 0.21484399999999998 0.509375 0.057813 0.06249975
2 0.203125 0.569531 0.0625 0.06406275
1 0.255469 0.61953125 0.067187 0.05468775
1 0.267969 0.664844 0.064062 0.05468775
1 0.235937 0.66875 0.05625 0.05000025
0 0.173437 0.728906 0.03125 0.035937750000000004
0 0.161719 0.77500025 0.029687 0.03125025
1 0.21406200000000003 0.734375 0.03125 0.034374749999999996
0 0.215625 0.777344 0.025 0.02968725
1 0.308594 0.38593774999999997 0.045312 0.05000025
0 0.259375 0.32890625 0.04375 0.04843725
