1 0.684375 0.4335935 0.065625 0.06718725
1 0.639062 0.46015625 0.059375 0.06406275
1 0.710156 0.4632815 0.060937 0.0609375
1 0.6 0.5 0.05625 0.06249975
1 0.676562 0.5140625 0.0625 0.05625
1 0.641406 0.5742185 0.064062 0.06406275
1 0.603125 0.55312475 0.0625 0.065625
0 0.605469 0.608594 0.057813 0.05468775
2 0.490625 0.8335940000000001 0.05 0.0515625
2 0.567187 0.78749975 0.046875 0.043749750000000004
1 0.564844 0.74609375 0.023438 0.035937750000000004
2 0.585938 0.86328125 0.04375 0.0234375
2 0.494531 0.8601559999999999 0.048438 0.02968725
