1 0.244531 0.410156 0.042188 0.035937750000000004
1 0.23828100000000002 0.46953125 0.039062 0.02968725
1 0.289844 0.4429685 0.039062 0.035937750000000004
1 0.286719 0.49687475000000003 0.054688 0.05000025
1 0.303125 0.53984375 0.053125 0.04843725
1 0.298438 0.58671875 0.05625 0.057812249999999996
1 0.301563 0.63437525 0.053125 0.05312475
1 0.234375 0.53046875 0.046875 0.0421875
1 0.234375 0.5757815 0.05625 0.0515625
1 0.24375 0.6226565 0.053125 0.04843725
0 0.24531200000000003 0.66718775 0.04375 0.04062525
0 0.249219 0.70859375 0.032813 0.0328125
0 0.304688 0.67499975 0.025 0.02499975
0 0.30625 0.7124997499999999 0.05 0.04062525
0 0.313281 0.7562502500000001 0.045312 0.05000025
0 0.2625 0.80703125 0.046875 0.04531275
0 0.241406 0.7484375 0.048438 0.046875
0 0.725781 0.58671875 0.032813 0.0328125
0 0.741406 0.6453125 0.035937 0.03125025
1 0.748437 0.7093752500000001 0.046875 0.05312475
1 0.735156 0.753125 0.039062 0.0375
1 0.724219 0.8085935 0.057813 0.057812249999999996
1 0.692187 0.8460934999999999 0.046875 0.04843725
0 0.478125 0.22499975 0.05 0.043749750000000004
0 0.4375 0.242969 0.04375 0.04843725
0 0.421875 0.20234375 0.04375 0.04843725
0 0.47343799999999997 0.17578100000000002 0.03125 0.03906225
0 0.416406 0.15156275 0.032813 0.0375
1 0.010937 0.2796875 0.01875 0.0375
1 0.009375 0.32031275 0.015625 0.046875
1 0.0125 0.36250024999999997 0.021875 0.04062525
0 0.014063 0.42734375 0.025 0.02968725
0 0.022656 0.4625 0.029687 0.03125025
0 0.025 0.49687475000000003 0.04375 0.02499975
0 0.022656 0.52968725 0.042188 0.05312475
1 0.045312 0.45937474999999994 0.034375 0.028125
