2 0.267188 0.48203150000000006 0.05625 0.05468775
2 0.314844 0.5367184999999999 0.064062 0.05468775
2 0.249219 0.53906225 0.057813 0.05625
2 0.288281 0.58671875 0.060937 0.057812249999999996
2 0.217188 0.578906 0.04375 0.03906225
2 0.260937 0.625781 0.04375 0.03906225
1 0.20625 0.6359375 0.04375 0.0375
1 0.266406 0.6695315 0.045312 0.03906225
1 0.233594 0.67656275 0.042188 0.034374749999999996
1 0.23906299999999997 0.71406275 0.05 0.043749750000000004
1 0.283594 0.70390625 0.057813 0.05468775
1 0.275 0.74609375 0.05625 0.0515625
0 0.235937 0.7765625 0.0375 0.0375
0 0.242969 0.8046875 0.051562 0.05312475
1 0.982812 0.18906275 0.034375 0.0375
1 0.973437 0.24843725 0.0375 0.0375
1 0.959375 0.307031 0.053125 0.04843725
1 0.948438 0.35624975000000003 0.05625 0.046875
0 0.9523439999999999 0.4429685 0.045312 0.03906225
0 0.9679689999999999 0.486719 0.048438 0.03906225
0 0.9460940000000001 0.5179685 0.048438 0.0515625
0 0.932813 0.546875 0.053125 0.046875
0 0.967187 0.5703125 0.05 0.043749750000000004
1 0.50625 0.153125 0.053125 0.05312475
1 0.515625 0.20703125 0.05 0.0515625
0 0.549219 0.24531275 0.029687 0.03125025
0 0.557031 0.28750025 0.026561999999999995 0.03125025
0 0.5625 0.31562524999999997 0.034375 0.04062525
0 0.517188 0.3125 0.046875 0.046875
0 0.521094 0.35234375 0.042188 0.0421875
0 0.565625 0.35312525000000006 0.0375 0.0375
1 0.55625 0.17031274999999998 0.053125 0.046875
1 0.553125 0.139844 0.05 0.026562749999999996
