2 0.22343799999999997 0.31015625 0.071875 0.0703125
2 0.339062 0.29765600000000003 0.06875 0.06718725
2 0.335938 0.37109375 0.065625 0.06406275
2 0.327344 0.4257815 0.073438 0.0703125
2 0.217188 0.37734349999999994 0.071875 0.06718725
1 0.227344 0.439844 0.064062 0.06406275
1 0.273438 0.471875 0.06875 0.075
1 0.232813 0.5015622499999999 0.065625 0.06875025
1 0.3 0.5382815 0.075 0.06718725
0 0.239844 0.56718725 0.064062 0.06249975
0 0.257031 0.61484375 0.039062 0.03906225
1 0.301563 0.60546875 0.06875 0.06718725
0 0.313281 0.646094 0.032813 0.03906225
0 0.275781 0.6585935 0.042188 0.03906225
0 0.315625 0.69531275 0.059375 0.059375250000000004
0 0.26875 0.725 0.059375 0.06249975
0 0.896875 0.19687475000000002 0.06875 0.065625
0 0.8898439999999999 0.1539065 0.076563 0.05468775
2 0.13125 0.3265625 0.040625 0.0375
2 0.084375 0.34765625 0.04375 0.0328125
2 0.127344 0.3734375 0.039062 0.034374749999999996
2 0.086719 0.38984375 0.035937 0.035937750000000004
2 0.082812 0.43124975 0.04375 0.034374749999999996
1 0.098437 0.5007815 0.04375 0.035937750000000004
1 0.126562 0.48515600000000003 0.034375 0.026562749999999996
0 0.128125 0.40937524999999997 0.028125 0.02499975
2 0.126562 0.44999975000000003 0.034375 0.034374749999999996
0 0.139063 0.51718775 0.03125 0.02499975
0 0.10625 0.52968725 0.03125 0.02499975
0 0.110156 0.5851565 0.039062 0.0328125
2 0.878125 0.8007815 0.05625 0.05468775
2 0.882812 0.8476565 0.046875 0.04531275
2 0.8664059999999999 0.8617190000000001 0.032813 0.026562749999999996
