2 0.420312 0.20624975 0.05 0.05000025
0 0.474219 0.16406225000000002 0.039062 0.034374749999999996
1 0.472656 0.23437475000000002 0.039062 0.034374749999999996
2 0.48515600000000003 0.29218774999999997 0.048438 0.046875
2 0.428125 0.2703125 0.040625 0.0375
2 0.42968799999999996 0.3398435 0.05 0.04843725
2 0.49375 0.35390599999999994 0.053125 0.0515625
2 0.44843700000000003 0.38984375 0.053125 0.0515625
2 0.496094 0.40859375 0.054688 0.0515625
1 0.489844 0.4632815 0.051562 0.04843725
1 0.451562 0.44218775 0.053125 0.043749750000000004
1 0.439063 0.48906275 0.05625 0.05312475
0 0.466406 0.49765625 0.035937 0.03906225
