2 0.235156 0.3117185 0.070312 0.0609375
2 0.19375 0.39921875 0.06875 0.06718725
2 0.152344 0.4632815 0.073438 0.0703125
2 0.15625 0.52656275 0.075 0.06249975
2 0.142187 0.59375 0.075 0.06875025
2 0.3 0.39062525 0.065625 0.05625
2 0.267188 0.4625 0.06875 0.05312475
2 0.242969 0.5273435 0.067187 0.06406275
2 0.23906299999999997 0.58124975 0.075 0.065625
0 0.192969 0.655469 0.048438 0.0421875
0 0.335938 0.16953125 0.04375 0.04531275
2 0.646094 0.19296875 0.048438 0.04843725
1 0.607031 0.33359375 0.039062 0.03906225
2 0.557813 0.31015625 0.040625 0.0421875
2 0.635156 0.24921875 0.045312 0.0421875
