0 0.780469 0.36640625 0.048438 0.04843725
1 0.751563 0.43124975 0.071875 0.06875025
1 0.727344 0.48828125 0.076563 0.0703125
1 0.794531 0.571094 0.073438 0.06406275
1 0.8289060000000001 0.50703125 0.079687 0.0703125
1 0.8570309999999999 0.43671875 0.079687 0.0703125
1 0.882812 0.372656 0.071875 0.0609375
2 0.779687 0.32968775000000006 0.071875 0.065625
2 0.78125 0.2703125 0.075 0.07187475
2 0.898438 0.317969 0.075 0.0609375
1 0.557813 0.73671875 0.046875 0.0421875
1 0.536719 0.81640625 0.048438 0.04531275
1 0.579688 0.8328125 0.046875 0.05000025
1 0.546875 0.8554685 0.046875 0.035937750000000004
1 0.586719 0.8601559999999999 0.042188 0.02968725
2 0.610156 0.7351565 0.035937 0.03906225
