1 0.350781 0.209375 0.064062 0.065625
1 0.275 0.24609350000000002 0.0625 0.06406275
1 0.284375 0.307031 0.059375 0.0609375
0 0.353125 0.2664065 0.040625 0.03906225
0 0.354687 0.32500025 0.0375 0.0375
0 0.3625 0.37421899999999997 0.0375 0.04531275
0 0.299219 0.41249974999999994 0.039062 0.04062525
0 0.361719 0.45156275 0.042188 0.04062525
0 0.292187 0.4804685 0.040625 0.03906225
0 0.350781 0.52109375 0.045312 0.04843725
0 0.326562 0.57734375 0.059375 0.0515625
0 0.286719 0.550781 0.054688 0.04843725
0 0.89375 0.17343725000000002 0.084375 0.08124975
0 0.902344 0.2515625 0.082812 0.06875025
0 0.939063 0.31874975 0.09375 0.07812525000000001
