2 0.771094 0.2554685 0.073438 0.06406275
2 0.889062 0.29687525 0.078125 0.059375250000000004
2 0.771094 0.31406225 0.073438 0.06875025
0 0.771094 0.34687475 0.054688 0.05312475
1 0.741406 0.41406275 0.073438 0.06875025
1 0.721094 0.47343725000000003 0.073438 0.07187475
1 0.7875 0.5476565 0.075 0.07343775
1 0.821875 0.4859375 0.075 0.06875025
1 0.851562 0.4164065 0.075 0.07343775
1 0.875 0.355469 0.071875 0.06718725
2 0.60625 0.719531 0.046875 0.04531275
1 0.554688 0.725 0.046875 0.043749750000000004
1 0.532031 0.8039059999999999 0.045312 0.04843725
1 0.578125 0.81875 0.05 0.046875
1 0.579688 0.8515625 0.05 0.04062525
