1 0.261719 0.29765600000000003 0.054688 0.05468775
1 0.275781 0.38437475 0.042188 0.043749750000000004
1 0.217188 0.41406275 0.053125 0.046875
1 0.284375 0.46171850000000003 0.0625 0.05468775
1 0.202344 0.49140649999999997 0.057813 0.05468775
1 0.264844 0.524219 0.067187 0.06718725
1 0.25 0.58593725 0.071875 0.065625
1 0.211719 0.56249975 0.070312 0.05625
1 0.20781299999999997 0.636719 0.071875 0.06718725
1 0.175 0.6976565000000001 0.071875 0.06718725
1 0.115625 0.672656 0.075 0.06718725
0 0.135937 0.62031275 0.05 0.046875
1 0.157031 0.59375 0.064062 0.059375250000000004
1 0.664844 0.166406 0.054688 0.057812249999999996
1 0.585156 0.177344 0.048438 0.0515625
0 0.22109399999999998 0.30937475000000003 0.042188 0.04062525
