1 0.071094 0.2703125 0.054688 0.05312475
1 0.121875 0.2375 0.04375 0.043749750000000004
0 0.115625 0.34453100000000003 0.04375 0.03906225
0 0.030469000000000003 0.29609375 0.042188 0.04843725
0 0.028905999999999998 0.34296875 0.054688 0.04843725
0 0.076563 0.335156 0.053125 0.03906225
0 0.039062 0.3867185 0.059375 0.04843725
2 0.311719 0.4804685 0.051562 0.04843725
2 0.371875 0.503906 0.053125 0.0515625
2 0.316406 0.53437475 0.057813 0.046875
2 0.371094 0.55390625 0.051562 0.04531275
2 0.363281 0.60937475 0.051562 0.043749750000000004
2 0.313281 0.58203125 0.054688 0.04531275
1 0.308594 0.62500025 0.032813 0.03125025
1 0.317188 0.71718725 0.040625 0.0375
1 0.332031 0.76484375 0.048438 0.03906225
1 0.377344 0.7562502500000001 0.051562 0.043749750000000004
0 0.359375 0.8078127500000001 0.040625 0.04062525
0 0.314844 0.67499975 0.032813 0.028125
0 0.3625 0.64843775 0.034375 0.028125
0 0.788281 0.15078125 0.032813 0.035937750000000004
0 0.75 0.17578100000000002 0.03125 0.035937750000000004
0 0.749219 0.22578125 0.029687 0.035937750000000004
1 0.78125 0.21640625 0.046875 0.04843725
0 0.794531 0.24453125 0.026561999999999995 0.026562749999999996
0 0.742969 0.271094 0.029687 0.02968725
0 0.729688 0.32031275 0.04375 0.046875
0 0.735938 0.36718775 0.046875 0.05000025
0 0.780469 0.38046875 0.051562 0.0421875
0 0.771094 0.42265625 0.054688 0.0515625
