0 0.367578125 0.29765625 0.04765625 0.04375
0 0.379296875 0.2578125 0.05234375 0.0484375
0 0.39453125 0.269140625 0.0375 0.03984375
0 0.41171875 0.234375 0.059375 0.0296875
0 0.445703125 0.23671875 0.03984375 0.034375
1 0.503515625 0.539453125 0.04296875 0.03671875
1 0.506640625 0.58046875 0.04140625 0.0375
1 0.48828125 0.61171875 0.04375 0.04375
0 0.505859375 0.661328125 0.04296875 0.04609375
0 0.538671875 0.632421875 0.04296875 0.04296875000000001
2 0.775390625 0.683203125 0.03984375 0.04140625
2 0.76875 0.7515625 0.0453125 0.046875
2 0.72421875 0.73828125 0.0453125 0.04375
2 0.678515625 0.775390625 0.02734375 0.01171875
2 0.70625 0.7640625 0.034375 0.0328125
2 0.75703125 0.73203125 0.0390625 0.034375
0 0.0296875 0.23359375 0.034375 0.028125
0 0.021484375 0.250390625 0.03203125 0.03359375
0 0.0421875 0.269921875 0.034375 0.03203125
