2 0.426953125 0.408984375 0.04609375 0.04453125
2 0.435546875 0.44375 0.04296875 0.0390625
2 0.455078125 0.466796875 0.04453125 0.04296875000000001
2 0.44453125 0.49609375 0.04375 0.0375
1 0.4609375 0.528515625 0.040625 0.03671875
1 0.475 0.5171875 0.0328125 0.0328125
0 0.46171875 0.553515625 0.0359375 0.02734375
0 0.11328125 0.26171875 0.0421875 0.0390625
0 0.059375 0.253125 0.0453125 0.0421875
0 0.022265625 0.249609375 0.04140625 0.04296875000000001
2 0.018359375 0.52265625 0.03515625 0.028125
1 0.04453125 0.548046875 0.040625 0.02734375
0 0.3921875 0.28046875 0.0296875 0.0296875
0 0.40703125 0.253125 0.028125 0.028125
0 0.425390625 0.228125 0.02734375 0.0171875
0 0.431640625 0.310546875 0.02734375 0.02734375
0 0.441796875 0.28046875 0.02734375 0.028125
0 0.402734375 0.308203125 0.02734375 0.02890625
2 0.323046875 0.610546875 0.03828125 0.03203125
2 0.28515625 0.634375 0.034375 0.0328125
