2 0.260546875 0.289453125 0.04296875 0.04296875000000001
2 0.307421875 0.319140625 0.04453125 0.04296875000000001
1 0.32890625 0.351171875 0.0421875 0.03671875
2 0.313671875 0.360546875 0.03984375 0.03671875
1 0.33125 0.389453125 0.040625 0.03671875
1 0.34765625 0.39140625 0.0359375 0.034375
0 0.34296875 0.42265625 0.0390625 0.0359375
0 0.351953125 0.45234375 0.03828125 0.034375
2 0.148046875 0.684375 0.04921875 0.0484375
2 0.1921875 0.698828125 0.04375 0.03984375
2 0.1484375 0.73203125 0.05 0.045312500000000006
2 0.195703125 0.74140625 0.04453125 0.040624999999999994
2 0.200390625 0.773046875 0.04765625 0.01640625
2 0.14375 0.768359375 0.0546875 0.02578125
2 0.922265625 0.237890625 0.05078125 0.03671875
2 0.961328125 0.24921875 0.04453125 0.0421875
2 0.8890625 0.26875 0.0421875 0.0390625
1 0.948828125 0.291015625 0.04296875 0.04140625
1 0.908984375 0.29453125 0.04453125 0.040624999999999994
1 0.89609375 0.334765625 0.0453125 0.038281249999999996
2 0.9234375 0.71171875 0.065625 0.059375
2 0.955078125 0.759375 0.06640625 0.04375
