2 0.18359375 0.5515625 0.0578125 0.053125
2 0.246484375 0.537890625 0.04140625 0.03515625
2 0.23515625 0.58359375 0.0578125 0.0578125
2 0.219921875 0.63203125 0.05703125 0.0515625
2 0.196875 0.6796875 0.0578125 0.0546875
2 0.17109375 0.65 0.0484375 0.0484375
2 0.19140625 0.60078125 0.0578125 0.0546875
2 0.199609375 0.2265625 0.04609375 0.0140625
2 0.23203125 0.227734375 0.0421875 0.01640625
2 0.185546875 0.253125 0.05078125 0.045312500000000006
2 0.215625 0.255859375 0.0453125 0.03984375
1 0.162109375 0.287109375 0.04765625 0.04609375
2 0.208984375 0.290234375 0.04296875 0.04140625
1 0.1828125 0.315234375 0.04375 0.03671875
2 0.947265625 0.767578125 0.04296875 0.02734375
