2 0.4203125 0.4640625 0.03125 0.0328125
2 0.4484375 0.475 0.0375 0.040624999999999994
2 0.46796875 0.45390625 0.028125 0.0296875
2 0.481640625 0.48671875 0.02578125 0.03125
2 0.510546875 0.497265625 0.02734375 0.02734375
2 0.5078125 0.46875 0.028125 0.0265625
2 0.523828125 0.517578125 0.02109375 0.02109375
1 0.530859375 0.538671875 0.02578125 0.02734375
1 0.5390625 0.567578125 0.0390625 0.03359375
2 0.9875 0.388671875 0.025 0.038281249999999996
1 0.989453125 0.451953125 0.02109375 0.03671875
1 0.986328125 0.49140625 0.02734375 0.03125
0 0.98671875 0.52734375 0.0265625 0.025
2 0.3015625 0.7203125 0.0296875 0.0328125
2 0.377734375 0.732421875 0.02734375 0.02578125
2 0.37890625 0.769140625 0.025 0.01953125
2 0.340625 0.7328125 0.028125 0.028125
2 0.858984375 0.618359375 0.03515625 0.02578125
2 0.85625 0.74765625 0.040625 0.040624999999999994
2 0.337890625 0.71484375 0.02890625 0.0234375
2 0.859765625 0.71484375 0.03203125 0.0390625
1 0.50703125 0.537109375 0.025 0.02578125
0 0.9671875 0.271875 0.0296875 0.028125
0 0.995703125 0.31015625 0.00859375 0.0234375
