0 0.412109375 0.240625 0.03515625 0.0390625
0 0.355859375 0.295703125 0.03984375 0.03515625
0 0.404296875 0.28828125 0.03828125 0.0359375
0 0.394921875 0.327734375 0.03671875 0.038281249999999996
0 0.3578125 0.337109375 0.0328125 0.03359375
2 0.326953125 0.580859375 0.05078125 0.04140625
2 0.3984375 0.58984375 0.04375 0.0359375
1 0.3359375 0.617578125 0.04375 0.03984375
1 0.351171875 0.655078125 0.04765625 0.04609375
1 0.375 0.68671875 0.04375 0.04375
1 0.420703125 0.6625 0.04453125 0.045312500000000006
1 0.398046875 0.69375 0.03828125 0.0390625
1 0.3984375 0.6375 0.040625 0.0359375
0 0.352734375 0.7 0.03046875 0.0375
2 0.38984375 0.55859375 0.0375 0.03125
