1 0.011328125 0.407421875 0.02109375 0.03515625
1 0.04296875 0.401953125 0.04375 0.038281249999999996
2 0.04921875 0.380078125 0.046875 0.03515625
2 0.041015625 0.348046875 0.04140625 0.03671875
2 0.06328125 0.297265625 0.046875 0.04453125
2 0.02421875 0.28125 0.046875 0.045312500000000006
2 0.397265625 0.53984375 0.05078125 0.045312500000000006
2 0.422265625 0.56796875 0.04609375 0.05
2 0.405859375 0.615234375 0.05078125 0.04609375
2 0.399609375 0.659375 0.04921875 0.04375
2 0.3875 0.629296875 0.0328125 0.03203125
1 0.624609375 0.301953125 0.03046875 0.02890625
1 0.65390625 0.28828125 0.0328125 0.03125
2 0.908984375 0.382421875 0.03046875 0.02890625
2 0.871875 0.399609375 0.028125 0.02890625
2 0.90859375 0.413671875 0.0296875 0.02890625
2 0.870703125 0.428515625 0.03046875 0.02734375
2 0.873046875 0.455078125 0.02578125 0.022656250000000003
2 0.8984375 0.469140625 0.0265625 0.02734375
2 0.909765625 0.441796875 0.02734375 0.02421875
