2 0.6453125 0.400390625 0.0375 0.03984375
2 0.648046875 0.42109375 0.03515625 0.0328125
1 0.66796875 0.430078125 0.0375 0.038281249999999996
1 0.698828125 0.4328125 0.03359375 0.0375
2 0.5453125 0.630859375 0.0390625 0.03984375
2 0.55546875 0.666796875 0.040625 0.03671875
2 0.56171875 0.7046875 0.0375 0.0359375
2 0.574609375 0.73359375 0.03515625 0.0375
1 0.589453125 0.727734375 0.02734375 0.03515625
2 0.573046875 0.632421875 0.02734375 0.03515625
2 0.051171875 0.42578125 0.04296875 0.0390625
2 0.023046875 0.441796875 0.04296875 0.03359375
2 0.00859375 0.47265625 0.015625 0.040624999999999994
2 0.154296875 0.226953125 0.03984375 0.01484375
2 0.1609375 0.239453125 0.034375 0.02890625
1 0.12890625 0.267578125 0.0421875 0.03203125
1 0.116015625 0.25 0.03515625 0.03125
0 0.106640625 0.29609375 0.04609375 0.045312500000000006
0 0.0890625 0.2765625 0.0296875 0.0328125
