2 0.15859375 0.715234375 0.0546875 0.05234375
2 0.1515625 0.762109375 0.040625 0.038281249999999996
2 0.18671875 0.75390625 0.0484375 0.04375
2 0.612890625 0.736328125 0.04140625 0.04140625
2 0.58046875 0.76796875 0.05 0.0265625
2 0.637890625 0.766015625 0.04453125 0.03046875
2 0.247265625 0.290234375 0.05546875 0.05234375
1 0.29921875 0.2984375 0.0484375 0.0421875
1 0.269140625 0.3234375 0.05390625 0.0484375
1 0.3078125 0.329296875 0.05 0.04609375
1 0.31640625 0.367578125 0.046875 0.03984375
1 0.273046875 0.370703125 0.04921875 0.04765625
1 0.30703125 0.401171875 0.0484375 0.04140625
2 0.877734375 0.556640625 0.04140625 0.03984375
2 0.92109375 0.57109375 0.04375 0.040624999999999994
2 0.951171875 0.565625 0.03671875 0.0390625
1 0.955078125 0.60625 0.04296875 0.0375
1 0.915625 0.611328125 0.04375 0.03359375
1 0.889453125 0.596875 0.04296875 0.034375
1 0.93125 0.645703125 0.046875 0.03671875
0 0.878515625 0.652734375 0.03828125 0.03515625
0 0.912890625 0.66640625 0.04296875 0.034375
1 0.9578125 0.257421875 0.0515625 0.04453125
1 0.93515625 0.3015625 0.0453125 0.0421875
1 0.97890625 0.28671875 0.0421875 0.046875
1 0.95546875 0.3140625 0.04375 0.0421875
0 0.975390625 0.32421875 0.04453125 0.04375
0 0.970703125 0.365234375 0.05078125 0.04296875000000001
0 0.959765625 0.396484375 0.04140625 0.03984375
