2 0.298046875 0.711328125 0.04140625 0.03671875
2 0.341796875 0.711328125 0.03984375 0.03984375
2 0.3046875 0.74453125 0.040625 0.045312500000000006
2 0.2890625 0.7484375 0.03125 0.0390625
2 0.296875 0.773046875 0.040625 0.01640625
2 0.333203125 0.415625 0.04453125 0.0421875
2 0.3890625 0.40546875 0.04375 0.034375
1 0.363671875 0.440625 0.04609375 0.040624999999999994
1 0.37578125 0.475390625 0.0453125 0.038281249999999996
1 0.414453125 0.459375 0.03984375 0.0328125
1 0.387109375 0.515625 0.03828125 0.0375
0 0.41171875 0.49921875 0.040625 0.0359375
0 0.4125 0.53671875 0.0390625 0.0359375
