2 0.3984375 0.605859375 0.0375 0.03984375
2 0.3984375 0.64140625 0.0328125 0.03125
2 0.390625 0.670703125 0.034375 0.03046875
2 0.380078125 0.7015625 0.03828125 0.0328125
2 0.349609375 0.680078125 0.03046875 0.02890625
2 0.35546875 0.653515625 0.0328125 0.02890625
1 0.493359375 0.29140625 0.04609375 0.04375
1 0.492578125 0.325390625 0.03515625 0.03984375
0 0.512890625 0.33984375 0.04453125 0.040624999999999994
0 0.5140625 0.38046875 0.034375 0.0328125
0 0.53984375 0.376953125 0.0328125 0.04140625
0 0.5203125 0.237890625 0.0421875 0.03671875
1 0.894140625 0.504296875 0.02578125 0.01953125
1 0.910546875 0.476953125 0.04296875 0.03359375
2 0.92421875 0.436328125 0.04375 0.04140625
2 0.938671875 0.39296875 0.03203125 0.0296875
2 0.962109375 0.42265625 0.03828125 0.0375
2 0.98125 0.389453125 0.0296875 0.02890625
2 0.448046875 0.348046875 0.03984375 0.038281249999999996
2 0.42890625 0.335546875 0.0296875 0.03359375
2 0.355078125 0.614453125 0.03515625 0.03671875
2 0.406640625 0.244140625 0.02109375 0.01796875
2 0.422265625 0.282421875 0.02578125 0.02109375
2 0.419140625 0.300390625 0.02109375 0.02421875
1 0.416015625 0.2640625 0.02265625 0.015625
