2 0.54765625 0.545703125 0.0328125 0.02890625
2 0.554296875 0.603125 0.05390625 0.0484375
2 0.4984375 0.6109375 0.05625 0.0546875
2 0.54765625 0.661328125 0.0546875 0.05703125
2 0.48203125 0.662109375 0.053125 0.05546875
2 0.538671875 0.712109375 0.05390625 0.05390625
2 0.473046875 0.71328125 0.05234375 0.0546875
1 0.5203125 0.755859375 0.0484375 0.05078125
1 0.468359375 0.758203125 0.05078125 0.04140625
1 0.54375 0.247265625 0.0578125 0.05390625
1 0.53203125 0.29765625 0.0578125 0.05625
0 0.521484375 0.34296875 0.05859375 0.0546875
0 0.579296875 0.3890625 0.05390625 0.0546875
1 0.590234375 0.333984375 0.05703125 0.05078125
1 0.600390625 0.288671875 0.05546875 0.04921874999999999
2 0.612109375 0.263671875 0.06015625 0.04765625
2 0.633984375 0.248046875 0.04609375 0.05234375
