2 0.537890625 0.65234375 0.03828125 0.0390625
2 0.562890625 0.666796875 0.04140625 0.03984375
2 0.576953125 0.665234375 0.03046875 0.03671875
2 0.556640625 0.702734375 0.04140625 0.038281249999999996
2 0.5734375 0.701171875 0.03125 0.038281249999999996
2 0.53828125 0.726171875 0.0359375 0.03515625
2 0.82265625 0.4265625 0.034375 0.0296875
2 0.81015625 0.46015625 0.0375 0.034375
2 0.854296875 0.455859375 0.03984375 0.03515625
2 0.852734375 0.493359375 0.04140625 0.03359375
2 0.82265625 0.490625 0.0296875 0.0359375
2 0.8421875 0.5171875 0.0359375 0.034375
1 0.8734375 0.524609375 0.0421875 0.04296875000000001
