2 0.666796875 0.6359375 0.06328125 0.059375
2 0.656640625 0.69453125 0.06171875 0.05625
2 0.715625 0.6890625 0.0640625 0.0578125
2 0.7 0.745703125 0.0640625 0.06015625
2 0.391796875 0.566796875 0.03203125 0.038281249999999996
2 0.412109375 0.584375 0.04296875 0.0421875
2 0.39609375 0.603125 0.0296875 0.0328125
2 0.42890625 0.600390625 0.0328125 0.03515625
2 0.39765625 0.63125 0.028125 0.0328125
1 0.38515625 0.260546875 0.046875 0.04921874999999999
1 0.418359375 0.25546875 0.05234375 0.0484375
0 0.4609375 0.283203125 0.04375 0.04296875000000001
0 0.4375 0.2921875 0.0453125 0.045312500000000006
0 0.4546875 0.345703125 0.0453125 0.04921874999999999
0 0.486328125 0.319921875 0.04921875 0.05078125
2 0.910546875 0.687109375 0.03359375 0.02890625
2 0.930859375 0.711328125 0.03984375 0.03359375
0 0.969140625 0.715625 0.03515625 0.03125
0 0.91484375 0.712890625 0.03125 0.02734375
