2 0.322265625 0.69375 0.03984375 0.0375
2 0.26796875 0.684765625 0.034375 0.03046875
2 0.280859375 0.72734375 0.03671875 0.0375
2 0.2984375 0.69609375 0.03125 0.0359375
2 0.31875 0.71171875 0.0328125 0.03125
2 0.291796875 0.773828125 0.02890625 0.01484375
2 0.433984375 0.354296875 0.04765625 0.04921874999999999
2 0.42421875 0.401171875 0.05 0.04609375
2 0.496484375 0.3828125 0.04921875 0.0390625
2 0.494921875 0.399609375 0.04765625 0.03984375
2 0.498046875 0.429296875 0.04296875 0.04296875000000001
2 0.483984375 0.4671875 0.04296875 0.040624999999999994
2 0.4234375 0.45 0.0484375 0.045312500000000006
2 0.439453125 0.475390625 0.04609375 0.04140625
1 0.461328125 0.5 0.04453125 0.040624999999999994
