2 0.35703125 0.398046875 0.028125 0.02421875
2 0.38828125 0.431640625 0.053125 0.04921874999999999
2 0.357421875 0.451953125 0.03046875 0.02890625
2 0.32421875 0.429296875 0.0328125 0.03046875
2 0.301953125 0.494921875 0.03984375 0.03984375
2 0.341015625 0.52265625 0.05390625 0.0515625
2 0.3015625 0.547265625 0.053125 0.04765625
2 0.60625 0.2296875 0.034375 0.020312499999999997
2 0.603515625 0.258203125 0.03671875 0.03515625
2 0.601953125 0.3 0.03359375 0.034375
2 0.555859375 0.275 0.03671875 0.0359375
2 0.552734375 0.239453125 0.03671875 0.03671875
2 0.58359375 0.325 0.0265625 0.021875
