2 0.3078125 0.58515625 0.0265625 0.0234375
2 0.344140625 0.625390625 0.03359375 0.03046875
2 0.330859375 0.598046875 0.02734375 0.02734375
2 0.33203125 0.669921875 0.028125 0.02890625
2 0.3421875 0.683984375 0.0296875 0.02890625
2 0.336328125 0.714453125 0.05078125 0.04921874999999999
2 0.30546875 0.74140625 0.0453125 0.045312500000000006
2 0.337890625 0.76015625 0.05078125 0.0421875
2 0.310546875 0.771484375 0.03203125 0.01953125
2 0.324609375 0.305859375 0.03828125 0.03515625
2 0.326171875 0.352734375 0.03359375 0.03671875
2 0.326171875 0.38984375 0.03515625 0.034375
2 0.365234375 0.396484375 0.03203125 0.03203125
2 0.345703125 0.417578125 0.03359375 0.03203125
0 0.361328125 0.461328125 0.03046875 0.02734375
