2 0.44609375 0.3359375 0.0375 0.0390625
2 0.411328125 0.33125 0.04296875 0.0421875
2 0.37890625 0.330859375 0.0390625 0.04296875000000001
2 0.41171875 0.374609375 0.04375 0.03984375
2 0.396875 0.405078125 0.040625 0.03984375
2 0.36875 0.425 0.0390625 0.0375
2 0.651171875 0.6734375 0.03671875 0.034375
2 0.630859375 0.697265625 0.03515625 0.03203125
2 0.608984375 0.719140625 0.03359375 0.03359375
2 0.58828125 0.74609375 0.0328125 0.03125
2 0.91953125 0.511328125 0.0390625 0.038281249999999996
2 0.969140625 0.5359375 0.04765625 0.0390625
2 0.922265625 0.5484375 0.04453125 0.0328125
2 0.934765625 0.587109375 0.04296875 0.03671875
2 0.948828125 0.621484375 0.04609375 0.03359375
2 0.00703125 0.320703125 0.0125 0.03203125
