2 0.156640625 0.532421875 0.04921875 0.04609375
2 0.15625 0.562109375 0.0515625 0.04921874999999999
2 0.169140625 0.605859375 0.04609375 0.04609375
2 0.189453125 0.6125 0.03359375 0.034375
2 0.175 0.65078125 0.0484375 0.04375
2 0.1921875 0.6578125 0.0375 0.040624999999999994
2 0.2828125 0.2859375 0.0515625 0.05
2 0.322265625 0.323046875 0.04609375 0.04609375
2 0.30234375 0.365234375 0.0453125 0.038281249999999996
2 0.277734375 0.37890625 0.04296875 0.04375
2 0.316015625 0.39921875 0.04453125 0.04375
2 0.28046875 0.33359375 0.0421875 0.0421875
0 0.337890625 0.404296875 0.03828125 0.038281249999999996
2 0.862890625 0.633203125 0.04140625 0.03515625
2 0.89296875 0.62265625 0.0421875 0.040624999999999994
2 0.910546875 0.659765625 0.03984375 0.03359375
2 0.9234375 0.693359375 0.0484375 0.04140625
2 0.88671875 0.71171875 0.0484375 0.040624999999999994
2 0.873828125 0.671484375 0.04765625 0.04140625
2 0.978125 0.430078125 0.040625 0.038281249999999996
