2 0.26875 0.34765625 0.0421875 0.040624999999999994
1 0.261328125 0.38984375 0.04296875 0.0421875
1 0.280859375 0.416796875 0.04296875 0.03984375
1 0.296484375 0.405078125 0.03828125 0.03671875
0 0.309765625 0.445703125 0.04296875 0.04140625
2 0.127734375 0.537890625 0.05078125 0.04609375
2 0.1578125 0.58515625 0.0390625 0.0328125
2 0.16484375 0.62109375 0.04375 0.040624999999999994
2 0.203125 0.637109375 0.0453125 0.04296875000000001
2 0.2109375 0.6484375 0.0375 0.0328125
1 0.172265625 0.6609375 0.04296875 0.0390625
