2 0.488671875 0.746875 0.04921875 0.0546875
2 0.511328125 0.75625 0.04296875 0.05
2 0.46171875 0.737890625 0.0515625 0.05390625
2 0.473828125 0.693359375 0.05078125 0.04921874999999999
2 0.5171875 0.71640625 0.04375 0.046875
2 0.516796875 0.66796875 0.04609375 0.0484375
2 0.462109375 0.620703125 0.05078125 0.05234375
2 0.4765625 0.652734375 0.04375 0.04140625
2 0.519140625 0.620703125 0.04453125 0.04765625
2 0.506640625 0.5734375 0.04765625 0.05
2 0.569140625 0.39765625 0.05234375 0.05
2 0.616015625 0.380078125 0.05234375 0.05234375
2 0.563671875 0.3453125 0.05546875 0.05
2 0.610546875 0.334765625 0.04765625 0.04609375
2 0.61875 0.295703125 0.0515625 0.04921874999999999
2 0.556640625 0.296875 0.05546875 0.0546875
