0 0.03359375 0.2390625 0.04375 0.0390625
0 0.028515625 0.28203125 0.04453125 0.045312500000000006
0 0.00625 0.251171875 0.0109375 0.03046875
0 0.008203125 0.225 0.01484375 0.0109375
2 0.01171875 0.469140625 0.021875 0.03671875
2 0.4 0.737109375 0.0375 0.038281249999999996
2 0.408203125 0.766796875 0.03203125 0.02890625
2 0.618359375 0.577734375 0.03671875 0.038281249999999996
2 0.654296875 0.594921875 0.03515625 0.03515625
2 0.62890625 0.603125 0.0359375 0.0328125
1 0.6625 0.629296875 0.0359375 0.03359375
1 0.678125 0.658984375 0.0359375 0.03671875
1 0.685546875 0.36953125 0.03359375 0.03125
1 0.686328125 0.343359375 0.03203125 0.03515625
1 0.66640625 0.35625 0.0390625 0.0375
0 0.647265625 0.382421875 0.04296875 0.03984375
0 0.61640625 0.365234375 0.040625 0.038281249999999996
