2 0.133984375 0.541796875 0.05234375 0.04609375
2 0.068359375 0.531640625 0.05390625 0.04296875000000001
2 0.09609375 0.568359375 0.05625 0.04765625
2 0.06015625 0.605859375 0.05625 0.04765625
2 0.0203125 0.616015625 0.0390625 0.04921874999999999
2 0.041015625 0.569921875 0.05546875 0.04296875000000001
2 0.21875 0.271484375 0.034375 0.03515625
2 0.2 0.26953125 0.0484375 0.045312500000000006
2 0.173828125 0.305859375 0.05078125 0.04609375
1 0.1484375 0.3453125 0.0484375 0.040624999999999994
2 0.912109375 0.42421875 0.04296875 0.0421875
2 0.880078125 0.41171875 0.04765625 0.04375
2 0.868359375 0.44296875 0.03828125 0.0375
2 0.83203125 0.4640625 0.040625 0.0375
1 0.80078125 0.5015625 0.0390625 0.034375
1 0.769921875 0.4796875 0.03671875 0.034375
1 0.794140625 0.47421875 0.03984375 0.040624999999999994
