2 0.40625 0.3171875 0.034375 0.028125
2 0.391406 0.34765625 0.026561999999999995 0.0328125
2 0.450781 0.3398435 0.039062 0.02968725
2 0.447656 0.37109375 0.032813 0.035937750000000004
2 0.380469 0.3867185 0.032813 0.02968725
2 0.380469 0.4390625 0.035937 0.034374749999999996
2 0.44218799999999997 0.41796875 0.03125 0.0328125
2 0.44843700000000003 0.47031275000000006 0.04375 0.046875
2 0.439844 0.5101565000000001 0.051562 0.04531275
2 0.428906 0.5554685 0.048438 0.0515625
2 0.3875 0.490625 0.05 0.05000025
2 0.389062 0.53437475 0.05 0.046875
1 0.703125 0.6210935 0.03125 0.02968725
1 0.675781 0.6070309999999999 0.023438 0.02968725
1 0.69375 0.6390627500000001 0.028125 0.028125
1 0.70625 0.67968725 0.028125 0.034374749999999996
1 0.730469 0.7054685 0.026561999999999995 0.035937750000000004
1 0.717969 0.74531225 0.032813 0.043749750000000004
1 0.730469 0.8 0.045312 0.046875
1 0.9304690000000001 0.29609375 0.042188 0.03906225
1 0.879687 0.32890625 0.040625 0.03906225
1 0.933594 0.340625 0.045312 0.0375
1 0.942969 0.37968725000000003 0.042188 0.0375
1 0.951562 0.4164065 0.04375 0.035937750000000004
1 0.889062 0.37031225 0.040625 0.034374749999999996
1 0.8992190000000001 0.40312475000000003 0.045312 0.034374749999999996
1 0.910156 0.44140625 0.039062 0.03906225
2 0.076563 0.644531 0.040625 0.0328125
2 0.121875 0.62343725 0.0375 0.03125025
2 0.086719 0.67656275 0.042188 0.034374749999999996
2 0.215625 0.27421850000000003 0.034375 0.02968725
2 0.248438 0.26249975000000003 0.03125 0.034374749999999996
2 0.129688 0.522656 0.025 0.026562749999999996
2 0.128125 0.5554685 0.028125 0.026562749999999996
2 0.10078099999999998 0.53593775 0.026561999999999995 0.028125
2 0.09375 0.5742185 0.028125 0.020312249999999997
1 0.704688 0.719531 0.0375 0.035937750000000004
