2 0.282031 0.352344 0.054688 0.051562
2 0.258594 0.382812 0.054688 0.046875
2 0.249219 0.435156 0.054688 0.051562
2 0.263281 0.485156 0.057813 0.051562
2 0.275781 0.539062 0.051562 0.050000
1 0.270313 0.618750 0.043750 0.043750
1 0.292187 0.653906 0.046875 0.045312
1 0.265625 0.666406 0.043750 0.042188
2 0.829688 0.617188 0.056250 0.050000
2 0.882031 0.648438 0.057813 0.046875
2 0.823438 0.665625 0.059375 0.050000
2 0.878906 0.699219 0.057813 0.051562
2 0.814844 0.714844 0.054688 0.048438
2 0.871094 0.741406 0.048438 0.051562
1 0.878906 0.801562 0.045312 0.040625
1 0.817187 0.820312 0.050000 0.040625
1 0.828125 0.855469 0.046875 0.039062
0 0.257812 0.225781 0.056250 0.057813
0 0.255469 0.160938 0.029687 0.031250
0 0.286719 0.571094 0.029687 0.023438
0 0.222656 0.143750 0.032813 0.034375
0 0.229687 0.195312 0.059375 0.043750
0 0.816406 0.751563 0.035937 0.037500
