1 0.328906 0.36562474999999994 0.048438 0.05000025
1 0.250781 0.40390625 0.057813 0.04843725
1 0.305469 0.44765599999999994 0.051562 0.0515625
1 0.299219 0.496094 0.057813 0.04843725
1 0.274219 0.5421875 0.057813 0.05312475
2 0.40546899999999997 0.7109375 0.054688 0.05625
2 0.453125 0.7523435 0.05625 0.05468775
1 0.821875 0.39765649999999997 0.046875 0.04531275
0 0.779687 0.4578125 0.028125 0.028125
0 0.8195309999999999 0.47812475 0.032813 0.034374749999999996
1 0.820312 0.44218775 0.04375 0.0375
0 0.770312 0.49375025000000006 0.028125 0.03125025
0 0.769531 0.5453127500000001 0.029687 0.034374749999999996
0 0.764844 0.58124975 0.029687 0.02499975
0 0.751563 0.6132815 0.040625 0.0421875
0 0.764062 0.646094 0.040625 0.035937750000000004
0 0.8039059999999999 0.65156225 0.042188 0.046875
0 0.824219 0.62968775 0.042188 0.04062525
0 0.81875 0.5664065 0.03125 0.035937750000000004
0 0.817187 0.52109375 0.028125 0.0234375
