1 0.288281 0.27187475 0.076563 0.07812525000000001
1 0.297656 0.3921875 0.076563 0.075
1 0.377344 0.35234375 0.076563 0.07343775
1 0.386719 0.430469 0.070312 0.07656225
1 0.300781 0.46796899999999997 0.079687 0.0796875
0 0.334375 0.52578125 0.0625 0.057812249999999996
1 0.324219 0.59999975 0.079687 0.08124975
1 0.367188 0.636719 0.075 0.0703125
1 0.182812 0.38593774999999997 0.084375 0.075
1 0.121094 0.34140650000000006 0.073438 0.07656225
1 0.114062 0.425 0.075 0.07812525000000001
1 0.175 0.46953125 0.084375 0.07656225
1 0.104688 0.503906 0.075 0.0703125
1 0.171875 0.5421875 0.0875 0.075
1 0.185938 0.603125 0.078125 0.07812525000000001
1 0.10625 0.5757815 0.08125 0.0703125
0 0.120313 0.617969 0.05 0.04843725
0 0.189844 0.65 0.051562 0.046875
0 0.195312 0.692969 0.04375 0.0421875
0 0.180469 0.73750025 0.054688 0.05625
0 0.128906 0.7625 0.067187 0.06249975
