0 0.203125 0.38515625 0.059375 0.05468775
0 0.271094 0.43281274999999997 0.048438 0.046875
0 0.26875 0.5015622499999999 0.065625 0.05000025
0 0.203906 0.47890625 0.057813 0.0515625
0 0.189844 0.5335940000000001 0.060937 0.0609375
0 0.203906 0.58281275 0.048438 0.043749750000000004
0 0.258594 0.5476565 0.054688 0.04531275
0 0.261719 0.599219 0.057813 0.057812249999999996
0 0.275781 0.65234375 0.054688 0.04843725
0 0.203125 0.6320315 0.05625 0.05468775
0 0.20781299999999997 0.6875 0.059375 0.05625
0 0.264062 0.70625 0.053125 0.05000025
0 0.244531 0.74140625 0.042188 0.0515625
