2 0.459375 0.25703149999999997 0.053125 0.05468775
2 0.375781 0.29218774999999997 0.054688 0.059375250000000004
2 0.366406 0.3398435 0.051562 0.0609375
2 0.419531 0.34453100000000003 0.051562 0.057812249999999996
2 0.339062 0.38046875 0.05625 0.05468775
2 0.41093799999999997 0.40312475000000003 0.053125 0.05312475
0 0.385937 0.428906 0.0375 0.035937750000000004
0 0.320312 0.425 0.034375 0.034374749999999996
0 0.371094 0.46406225 0.035937 0.034374749999999996
0 0.335156 0.51093725 0.054688 0.05312475
0 0.311719 0.466406 0.039062 0.0421875
