2 0.367969 0.15156275 0.064062 0.05000025
2 0.303125 0.15468725 0.059375 0.05625
2 0.317969 0.25078100000000003 0.054688 0.05468775
2 0.379688 0.22578125 0.0625 0.057812249999999996
2 0.317969 0.29687525 0.042188 0.04062525
2 0.383594 0.2851565 0.054688 0.04843725
1 0.326562 0.34140650000000006 0.028125 0.02968725
1 0.392188 0.3171875 0.028125 0.02499975
1 0.386719 0.3828125 0.048438 0.046875
1 0.376563 0.43671875 0.046875 0.04531275
1 0.321875 0.40468775 0.046875 0.046875
1 0.324219 0.45546875 0.048438 0.04531275
1 0.36875 0.47500025 0.034375 0.0375
0 0.375781 0.5046875 0.026561999999999995 0.028125
0 0.332031 0.48749975 0.029687 0.028125
