1 0.559375 0.427344 0.037500 0.039062
1 0.513281 0.415625 0.032813 0.031250
1 0.510156 0.446094 0.035937 0.029687
1 0.547656 0.460156 0.039062 0.035937
1 0.509375 0.476562 0.034375 0.034375
1 0.534375 0.493750 0.040625 0.031250
1 0.517188 0.509375 0.037500 0.037500
0 0.532813 0.533594 0.031250 0.035937
1 0.561719 0.517969 0.035937 0.039062
2 0.846094 0.712500 0.045312 0.040625
1 0.869531 0.755469 0.032813 0.026562
1 0.860938 0.785937 0.037500 0.037500
1 0.866406 0.814063 0.035937 0.037500
1 0.893750 0.308594 0.040625 0.035937
1 0.900000 0.364844 0.040625 0.032813
0 0.886719 0.446094 0.032813 0.029687
1 0.893750 0.810156 0.028125 0.032813
