2 0.457031 0.36171875 0.048438 0.04843725
2 0.501563 0.34687475 0.046875 0.046875
2 0.510156 0.38984375 0.048438 0.04531275
2 0.465625 0.40390625 0.046875 0.03906225
2 0.516406 0.42343775000000006 0.042188 0.04062525
2 0.486719 0.46015625 0.023438 0.02968725
2 0.528906 0.4898435 0.032813 0.026562749999999996
2 0.48125 0.49453099999999994 0.021875 0.026562749999999996
2 0.478125 0.5375 0.0375 0.043749750000000004
2 0.526563 0.528125 0.0375 0.034374749999999996
2 0.526563 0.561719 0.040625 0.035937750000000004
2 0.478906 0.57734375 0.045312 0.04531275
0 0.523438 0.6210935 0.04375 0.035937750000000004
0 0.517188 0.589844 0.025 0.0234375
0 0.47656200000000004 0.6320315 0.034375 0.03906225
0 0.507812 0.64843775 0.040625 0.0375
2 0.113281 0.60625025 0.048438 0.03125025
0 0.082812 0.67187525 0.034375 0.034374749999999996
0 0.11171899999999998 0.65312525 0.017188 0.02187525
0 0.076563 0.64296875 0.021875 0.020312249999999997
0 0.078125 0.6171875 0.025 0.02187525
0 0.546875 0.149219 0.040625 0.04531275
