0 0.192188 0.21875 0.0375 0.04062525
0 0.255469 0.21250025 0.035937 0.0375
0 0.255469 0.26406275 0.035937 0.0375
2 0.178906 0.37968725000000003 0.067187 0.05625
2 0.24609399999999998 0.42343775000000006 0.067187 0.059375250000000004
1 0.260156 0.49765625 0.060937 0.057812249999999996
2 0.179688 0.5148440000000001 0.071875 0.06406275
1 0.253906 0.57265625 0.064062 0.0609375
1 0.597656 0.8460934999999999 0.045312 0.04843725
0 0.60625 0.8156247499999999 0.040625 0.034374749999999996
0 0.8101559999999999 0.44218775 0.032813 0.0375
0 0.767969 0.45859400000000006 0.029687 0.03906225
0 0.794531 0.48203150000000006 0.035937 0.035937750000000004
0 0.770312 0.53046875 0.040625 0.04531275
0 0.771875 0.496094 0.040625 0.03906225
