2 0.20781299999999997 0.2851565 0.103125 0.0796875
2 0.332031 0.271094 0.082812 0.08281275
2 0.302344 0.35 0.085938 0.07812525000000001
2 0.191406 0.37187525 0.089063 0.07812525000000001
2 0.276562 0.42187475 0.0875 0.07187475
1 0.273438 0.47890625 0.05625 0.0515625
1 0.189062 0.4335935 0.05625 0.04531275
1 0.164062 0.5195315 0.05625 0.04531275
1 0.149219 0.5890625 0.070312 0.06875025
1 0.250781 0.62031275 0.073438 0.07812525000000001
1 0.252344 0.68046875 0.070312 0.06718725
1 0.226562 0.7070315 0.071875 0.06718725
1 0.161719 0.68437475 0.073438 0.07187475
1 0.15625 0.62890625 0.065625 0.0609375
1 0.11953100000000001 0.46171850000000003 0.035937 0.0328125
1 0.151562 0.4578125 0.03125 0.034374749999999996
1 0.730469 0.209375 0.057813 0.06249975
1 0.744531 0.26328125 0.060937 0.057812249999999996
0 0.757031 0.31562524999999997 0.051562 0.043749750000000004
1 0.726562 0.15234350000000002 0.065625 0.0515625
2 0.8 0.19765625 0.04375 0.04843725
1 0.23906299999999997 0.15234350000000002 0.034375 0.035937750000000004
1 0.23671899999999998 0.1859375 0.032813 0.034374749999999996
1 0.276562 0.1625 0.03125 0.034374749999999996
1 0.246875 0.21484399999999998 0.03125 0.0328125
1 0.824219 0.25703149999999997 0.029687 0.02968725
1 0.807031 0.29765600000000003 0.026561999999999995 0.02968725
1 0.797656 0.3398435 0.035937 0.02968725
