1 0.528125 0.34375025 0.053125 0.05312475
1 0.5375 0.39062525 0.059375 0.06249975
1 0.558594 0.44375 0.048438 0.05000025
1 0.590625 0.37499975 0.046875 0.05312475
1 0.604688 0.4296875 0.053125 0.05625
0 0.634375 0.48515600000000003 0.0375 0.03906225
0 0.628125 0.5375 0.028125 0.034374749999999996
0 0.621875 0.5804690000000001 0.0375 0.035937750000000004
0 0.583594 0.5687502500000001 0.032813 0.04062525
0 0.564063 0.61093775 0.0375 0.04062525
0 0.599219 0.6156252500000001 0.042188 0.043749750000000004
0 0.55625 0.63281225 0.053125 0.043749750000000004
1 0.289844 0.692969 0.048438 0.04531275
1 0.24609399999999998 0.70312475 0.048438 0.043749750000000004
1 0.261719 0.766406 0.048438 0.04531275
1 0.28125 0.33906274999999997 0.03125 0.034374749999999996
1 0.23906299999999997 0.3320315 0.04375 0.0328125
1 0.279687 0.30546875 0.034375 0.02968725
1 0.280469 0.28124975 0.035937 0.0375
1 0.286719 0.24843725 0.042188 0.0375
