1 0.664062 0.37968725000000003 0.04375 0.043749750000000004
1 0.617188 0.4164065 0.040625 0.04531275
1 0.628125 0.45859400000000006 0.046875 0.04843725
1 0.628906 0.51093725 0.048438 0.05312475
1 0.675 0.43593724999999994 0.053125 0.05000025
1 0.671875 0.48828125 0.05625 0.0515625
1 0.669531 0.542969 0.054688 0.04843725
0 0.647656 0.589844 0.029687 0.0328125
0 0.685156 0.57734375 0.032813 0.035937750000000004
0 0.694531 0.6117185 0.026561999999999995 0.026562749999999996
0 0.692187 0.65 0.028125 0.028125
0 0.69375 0.682031 0.0375 0.0421875
0 0.65625 0.69453125 0.04375 0.04531275
0 0.642188 0.66171875 0.04375 0.0421875
0 0.592969 0.16015625 0.051562 0.05468775
