2 0.61875 0.4429685 0.046875 0.04843725
2 0.583594 0.477344 0.042188 0.04531275
2 0.625 0.50781275 0.040625 0.04062525
2 0.580469 0.5218752500000001 0.045312 0.04062525
2 0.582812 0.56718725 0.04375 0.043749750000000004
2 0.575 0.60546875 0.0375 0.0328125
2 0.571094 0.644531 0.042188 0.0421875
2 0.576562 0.68437475 0.040625 0.0375
2 0.628125 0.59062475 0.040625 0.043749750000000004
2 0.611719 0.617969 0.042188 0.0421875
2 0.60625 0.66171875 0.04375 0.0421875
2 0.628125 0.69374975 0.046875 0.0375
1 0.592969 0.7124997499999999 0.035937 0.04062525
0 0.621875 0.73671875 0.034375 0.0328125
0 0.657031 0.7203125 0.039062 0.0375
0 0.896094 0.1625 0.026561999999999995 0.028125
0 0.928125 0.2 0.028125 0.02499975
0 0.8929690000000001 0.23906225 0.039062 0.046875
0 0.896094 0.28046899999999997 0.045312 0.0421875
0 0.935937 0.26718725 0.05 0.046875
1 0.8742189999999999 0.1539065 0.054688 0.0515625
1 0.628906 0.5382815 0.026561999999999995 0.02968725
