1 0.4625 0.392969 0.05 0.057812249999999996
1 0.384375 0.4070315 0.05 0.04843725
1 0.43828100000000003 0.46093775 0.057813 0.05312475
1 0.363281 0.46796899999999997 0.054688 0.0515625
1 0.353125 0.51640625 0.053125 0.0515625
1 0.413281 0.509375 0.054688 0.05625
1 0.392969 0.56328125 0.048438 0.05468775
0 0.360938 0.61484375 0.028125 0.035937750000000004
0 0.400781 0.62890625 0.032813 0.026562749999999996
0 0.395313 0.6656247499999999 0.040625 0.04062525
2 0.9132809999999999 0.702344 0.054688 0.05468775
2 0.911719 0.76484375 0.048438 0.057812249999999996
0 0.741406 0.21484399999999998 0.048438 0.0515625
0 0.7625 0.16406225000000002 0.046875 0.043749750000000004
0 0.715625 0.1578125 0.046875 0.046875
1 0.902344 0.8570315000000001 0.048438 0.035937750000000004
1 0.972656 0.4539065 0.039062 0.0328125
