2 0.171875 0.29218774999999997 0.08125 0.075
2 0.273438 0.36796850000000003 0.075 0.06718725
2 0.176563 0.40937524999999997 0.08125 0.075
1 0.275781 0.5984375 0.064062 0.059375250000000004
1 0.272656 0.6546875 0.060937 0.05312475
1 0.269531 0.69374975 0.064062 0.05312475
1 0.209375 0.69843725 0.05 0.05312475
1 0.929688 0.22968725 0.078125 0.06875025
1 0.921875 0.32031275 0.075 0.06875025
1 0.914062 0.41484350000000003 0.065625 0.0703125
1 0.889062 0.49765625 0.065625 0.0703125
1 0.960938 0.44453149999999997 0.05625 0.06718725
1 0.964844 0.36718775 0.064062 0.06875025
