1 0.44218799999999997 0.1859375 0.05625 0.05625
1 0.361719 0.2195315 0.042188 0.0421875
1 0.43828100000000003 0.24062524999999998 0.048438 0.043749750000000004
1 0.44843700000000003 0.31015625 0.053125 0.04531275
1 0.373437 0.2796875 0.05 0.046875
1 0.379688 0.35 0.05 0.046875
1 0.240625 0.72187475 0.05 0.0375
1 0.20078100000000002 0.75546875 0.042188 0.035937750000000004
1 0.244531 0.79218725 0.057813 0.05000025
1 0.185938 0.83046875 0.053125 0.0515625
1 0.24531200000000003 0.8515625 0.059375 0.046875
2 0.80625 0.383594 0.034375 0.03906225
2 0.81875 0.41796875 0.046875 0.0328125
1 0.8601560000000001 0.43828100000000003 0.029687 0.02968725
1 0.829688 0.44375 0.01875 0.012500250000000001
1 0.99375 0.3734375 0.0125 0.04062525
0 0.9148440000000001 0.53906225 0.023438 0.015624750000000001
0 0.920312 0.55859375 0.025 0.020312249999999997
0 0.923438 0.58124975 0.046875 0.02499975
0 0.928125 0.60937475 0.05625 0.02187525
