2 0.367969 0.484375 0.054688 0.053125
2 0.319531 0.530469 0.054688 0.051562
2 0.359375 0.557031 0.059375 0.054688
2 0.316406 0.585156 0.054688 0.054688
2 0.342969 0.612500 0.057813 0.053125
2 0.321094 0.631250 0.048438 0.059375
2 0.362500 0.675000 0.053125 0.056250
0 0.622656 0.148438 0.051562 0.043750
1 0.588281 0.261719 0.042188 0.035937
1 0.576562 0.328125 0.034375 0.034375
1 0.615625 0.320312 0.034375 0.031250
1 0.575000 0.364844 0.037500 0.035937
1 0.617188 0.345313 0.037500 0.028125
1 0.612500 0.375781 0.037500 0.035937
1 0.588281 0.396094 0.032813 0.032813
1 0.624219 0.405469 0.039062 0.035937
1 0.603906 0.425000 0.035937 0.040625
1 0.576562 0.293750 0.021875 0.021875
