2 0.567969 0.36093725 0.054688 0.05000025
1 0.489844 0.39765649999999997 0.051562 0.04531275
1 0.486719 0.60625025 0.054688 0.05625
1 0.539062 0.59062475 0.059375 0.05312475
1 0.482031 0.55390625 0.060937 0.04843725
2 0.550781 0.5335940000000001 0.057813 0.0515625
2 0.558594 0.48203150000000006 0.057813 0.05468775
1 0.550781 0.42109399999999997 0.051562 0.04531275
2 0.478125 0.4523435 0.059375 0.0515625
1 0.47968700000000003 0.5015622499999999 0.053125 0.046875
1 0.9695310000000001 0.69843725 0.057813 0.05312475
1 0.022656 0.278906 0.042188 0.03906225
1 0.365625 0.8156247499999999 0.040625 0.04062525
2 0.974219 0.4070315 0.051562 0.06406275
1 0.391406 0.70781225 0.029687 0.028125
1 0.354687 0.71875025 0.028125 0.028125
0 0.349219 0.758594 0.039062 0.02968725
1 0.9851560000000001 0.45625024999999997 0.029687 0.043749750000000004
0 0.989844 0.5328125 0.020313 0.034374749999999996
0 0.989844 0.589844 0.020313 0.0421875
0 0.985938 0.64687475 0.028125 0.046875
0 0.9851560000000001 0.74375 0.029687 0.05312475
