2 0.658594 0.34296875 0.064062 0.057812249999999996
2 0.601562 0.36484400000000006 0.05 0.05468775
2 0.647656 0.40781225 0.042188 0.043749750000000004
2 0.603125 0.41406275 0.040625 0.034374749999999996
1 0.635938 0.46484375 0.04375 0.04531275
1 0.578906 0.47421875 0.045312 0.04843725
1 0.555469 0.5132809999999999 0.051562 0.0515625
1 0.61875 0.5140625 0.05625 0.05625
1 0.599219 0.5601559999999999 0.054688 0.057812249999999996
1 0.553125 0.5953122499999999 0.059375 0.065625
1 0.530469 0.5515625 0.057813 0.05000025
0 0.544531 0.636719 0.051562 0.0421875
