1 0.505469 0.47812475 0.035937 0.034374749999999996
1 0.5625 0.46093775 0.034375 0.034374749999999996
1 0.55625 0.5148440000000001 0.0375 0.0328125
1 0.501563 0.5249997499999999 0.04375 0.034374749999999996
0 0.503906 0.55625 0.023438 0.028125
0 0.545312 0.5460935 0.028125 0.0234375
0 0.503906 0.59375 0.023438 0.02499975
0 0.544531 0.5851565 0.023438 0.020312249999999997
0 0.542188 0.62031275 0.025 0.028125
0 0.49531200000000003 0.63749975 0.034375 0.034374749999999996
0 0.48906299999999997 0.66718775 0.034375 0.034374749999999996
0 0.534375 0.66171875 0.0375 0.035937750000000004
0 0.520312 0.6890622499999999 0.0375 0.0375
0 0.47968700000000003 0.69843725 0.04375 0.043749750000000004
0 0.515625 0.7257815 0.040625 0.0421875
0 0.486719 0.7328127500000001 0.039062 0.043749750000000004
0 0.492969 0.1671875 0.042188 0.046875
0 0.066406 0.25468775 0.042188 0.034374749999999996
0 0.042188 0.27265625 0.0375 0.035937750000000004
0 0.017969 0.26249975000000003 0.032813 0.03125025
