2 0.314063 0.635156 0.04375 0.04531275
2 0.360938 0.63281225 0.05 0.046875
2 0.364844 0.6679685 0.048438 0.0421875
1 0.315625 0.70625 0.03125 0.028125
0 0.3125 0.74687525 0.028125 0.03125025
0 0.314844 0.77890625 0.029687 0.0328125
1 0.358594 0.72812525 0.032813 0.02499975
1 0.364063 0.7679690000000001 0.025 0.0328125
1 0.577344 0.67656275 0.057813 0.05625
2 0.594531 0.6171875 0.064062 0.05312475
2 0.53125 0.63828125 0.0625 0.05468775
2 0.55625 0.5835934999999999 0.059375 0.0609375
2 0.528906 0.53515625 0.064062 0.057812249999999996
2 0.533594 0.48281224999999994 0.057813 0.059375250000000004
2 0.525781 0.434375 0.051562 0.06249975
2 0.599219 0.51093725 0.048438 0.043749750000000004
0 0.598437 0.5515625 0.034375 0.0375
0 0.267969 0.20156225 0.048438 0.043749750000000004
0 0.289062 0.177344 0.0375 0.035937750000000004
0 0.257031 0.1484375 0.039062 0.043749750000000004
2 0.535156 0.34375025 0.039062 0.043749750000000004
2 0.319531 0.6601565 0.032813 0.0328125
