2 0.645312 0.415625 0.05 0.043749750000000004
2 0.598437 0.45078125 0.03125 0.0328125
2 0.651563 0.46093775 0.053125 0.05000025
2 0.664062 0.51562475 0.059375 0.05625
2 0.597656 0.503906 0.045312 0.0421875
2 0.598437 0.55000025 0.053125 0.05000025
2 0.648438 0.57734375 0.05 0.04843725
2 0.628125 0.61015625 0.028125 0.0328125
2 0.660156 0.621875 0.035937 0.03125025
1 0.642188 0.659375 0.0375 0.034374749999999996
1 0.6625 0.67578125 0.034375 0.03906225
1 0.639844 0.69843725 0.035937 0.034374749999999996
1 0.666406 0.73203125 0.045312 0.0515625
1 0.676562 0.77812475 0.05625 0.05000025
1 0.641406 0.81171875 0.054688 0.0609375
