1 0.628125 0.6039065000000001 0.06875 0.0609375
0 0.574219 0.616406 0.048438 0.05468775
2 0.641406 0.54374975 0.064062 0.05312475
2 0.65 0.48828125 0.059375 0.057812249999999996
2 0.555469 0.45546875 0.064062 0.057812249999999996
2 0.557813 0.51562475 0.0625 0.05312475
1 0.567969 0.56796875 0.057813 0.05468775
1 0.564844 0.38593774999999997 0.048438 0.0375
1 0.6375 0.36093725 0.04375 0.0375
2 0.635156 0.29687525 0.045312 0.0375
1 0.566406 0.31562524999999997 0.042188 0.046875
2 0.566406 0.2554685 0.045312 0.0421875
1 0.965625 0.1625 0.06875 0.05625
2 0.6375 0.42812525 0.053125 0.046875
