1 0.129688 0.28203125 0.071875 0.07343775
1 0.14375 0.39531275 0.08125 0.07812525000000001
1 0.221875 0.33828125 0.065625 0.07343775
1 0.22343799999999997 0.42265625 0.071875 0.07343775
1 0.134375 0.47500025 0.08125 0.08124975
1 0.141406 0.5195315 0.076563 0.0703125
1 0.157812 0.59609375 0.075 0.06406275
1 0.210156 0.5554685 0.076563 0.0609375
1 0.203125 0.61484375 0.071875 0.0609375
1 0.24375 0.67578125 0.075 0.0703125
1 0.161719 0.6734375 0.076563 0.06875025
0 0.192188 0.7429685 0.059375 0.0515625
0 0.1875 0.8015622499999999 0.06875 0.06875025
1 0.8210940000000001 0.5554685 0.064062 0.057812249999999996
1 0.8367190000000001 0.6265625 0.045312 0.043749750000000004
1 0.925 0.58124975 0.05 0.04062525
1 0.901563 0.67499975 0.046875 0.046875
1 0.800781 0.7671875 0.057813 0.06249975
1 0.873437 0.81250025 0.075 0.075
1 0.789062 0.8453127500000001 0.071875 0.059375250000000004
0 0.8429689999999999 0.6656247499999999 0.035937 0.034374749999999996
1 0.20781299999999997 0.48749975 0.071875 0.075
0 0.225781 0.73750025 0.067187 0.06875025
