1 0.48515600000000003 0.35 0.057813 0.05625
1 0.585156 0.2945315 0.057813 0.05468775
1 0.592187 0.38906224999999994 0.06875 0.059375250000000004
1 0.490625 0.43828100000000003 0.06875 0.057812249999999996
1 0.496094 0.51250025 0.060937 0.059375250000000004
1 0.594531 0.46484375 0.064062 0.057812249999999996
1 0.588281 0.532031 0.064062 0.0515625
0 0.510938 0.56718725 0.05 0.04062525
1 0.582812 0.588281 0.05625 0.04843725
1 0.5125 0.682031 0.05625 0.05468775
0 0.585156 0.70859375 0.042188 0.035937750000000004
0 0.579688 0.7445315000000001 0.0375 0.03906225
0 0.524219 0.7257815 0.032813 0.03906225
1 0.583594 0.646094 0.064062 0.0609375
1 0.503906 0.6226565 0.057813 0.06406275
2 0.24609399999999998 0.749219 0.042188 0.03906225
2 0.20781299999999997 0.75468725 0.03125 0.04062525
2 0.225 0.77343725 0.025 0.034374749999999996
1 0.49218799999999996 0.76874975 0.0375 0.05000025
1 0.49921899999999997 0.72343775 0.026561999999999995 0.034374749999999996
1 0.475781 0.7632815 0.035937 0.04531275
1 0.465625 0.8039059999999999 0.053125 0.03906225
