1 0.3625 0.40937524999999997 0.06875 0.06249975
1 0.279687 0.46093775 0.071875 0.065625
1 0.350781 0.49296875 0.064062 0.06406275
1 0.288281 0.53437475 0.070312 0.065625
0 0.367969 0.55781225 0.042188 0.034374749999999996
0 0.307031 0.5945315 0.035937 0.03906225
0 0.302344 0.65156225 0.039062 0.034374749999999996
0 0.386719 0.6875 0.051562 0.05312475
0 0.314844 0.69843725 0.051562 0.05312475
0 0.303906 0.734375 0.064062 0.059375250000000004
0 0.382812 0.73671875 0.053125 0.04843725
0 0.33125 0.77500025 0.05 0.05312475
0 0.753125 0.20781275 0.05 0.059375250000000004
0 0.833594 0.186719 0.054688 0.0515625
0 0.8101559999999999 0.29140625 0.054688 0.04843725
0 0.74375 0.260156 0.053125 0.0515625
0 0.742188 0.316406 0.05 0.05468775
2 0.9523439999999999 0.346094 0.048438 0.04531275
2 0.9554690000000001 0.38515625 0.042188 0.04531275
2 0.978125 0.2648435 0.040625 0.03906225
0 0.970313 0.29531225 0.034375 0.034374749999999996
