0 0.228906 0.409375 0.051562 0.037500
0 0.220312 0.475781 0.046875 0.045312
0 0.197656 0.539062 0.070312 0.059375
0 0.186719 0.597656 0.079687 0.067187
0 0.185156 0.656250 0.067187 0.059375
0 0.171094 0.723437 0.070312 0.068750
0 0.201563 0.767969 0.062500 0.057813
0 0.263281 0.751563 0.067187 0.065625
0 0.261719 0.651563 0.067187 0.062500
0 0.284375 0.592187 0.071875 0.068750
0 0.293750 0.532031 0.068750 0.064062
0 0.300781 0.442969 0.039062 0.039062
0 0.306250 0.375000 0.046875 0.040625
0 0.379688 0.238281 0.040625 0.042188
0 0.400781 0.300000 0.045312 0.050000
0 0.377344 0.367969 0.042188 0.045312
0 0.407813 0.390625 0.046875 0.043750
0 0.400000 0.439844 0.043750 0.042188
0 0.358594 0.442188 0.067187 0.059375
0 0.396094 0.493750 0.060937 0.050000
0 0.400000 0.544531 0.065625 0.060937
1 0.090625 0.453125 0.037500 0.037500
2 0.221875 0.248438 0.068750 0.068750
1 0.222656 0.321094 0.073438 0.064062
1 0.316406 0.229687 0.070312 0.071875
1 0.314063 0.287500 0.071875 0.071875
1 0.907031 0.811719 0.054688 0.048438
1 0.875000 0.852344 0.053125 0.045312
1 0.957031 0.806250 0.048438 0.053125
1 0.925000 0.841406 0.046875 0.045312
