1 0.189844 0.3453125 0.054688 0.05000025
1 0.252344 0.41328125 0.067187 0.06406275
1 0.160156 0.4578125 0.070312 0.06249975
1 0.154688 0.5375 0.078125 0.07187475
1 0.2375 0.524219 0.0875 0.0796875
1 0.249219 0.5921877500000001 0.076563 0.07812525000000001
1 0.232813 0.66171875 0.075 0.07656225
1 0.157031 0.60937475 0.082812 0.08124975
1 0.20625 0.7359372499999999 0.08125 0.075
0 0.144531 0.682031 0.073438 0.07656225
0 0.10625 0.7523435 0.08125 0.08593724999999999
0 0.089844 0.8085935 0.057813 0.04843725
0 0.163281 0.8101565000000001 0.076563 0.07656225
1 0.79375 0.23437475000000002 0.0625 0.065625
1 0.749219 0.2851565 0.054688 0.05468775
0 0.272656 0.31562524999999997 0.048438 0.043749750000000004
