2 0.713281 0.29765600000000003 0.067187 0.0703125
2 0.702344 0.3734375 0.070312 0.06875025
1 0.690625 0.49375025000000006 0.075 0.065625
1 0.682031 0.55625 0.067187 0.06875025
1 0.751563 0.53125025 0.071875 0.065625
1 0.745313 0.603125 0.071875 0.06249975
2 0.739844 0.41718725 0.070312 0.06249975
2 0.738281 0.475781 0.073438 0.06718725
1 0.44375 0.7765625 0.034375 0.0375
1 0.498437 0.78437525 0.025 0.03125025
2 0.439844 0.8406252500000001 0.057813 0.059375250000000004
1 0.076563 0.23593775 0.04375 0.046875
2 0.09375 0.17968774999999998 0.04375 0.034374749999999996
2 0.10390600000000001 0.14531225 0.045312 0.034374749999999996
2 0.047656 0.157031 0.048438 0.04531275
0 0.040625 0.2007815 0.034375 0.026562749999999996
0 0.023438 0.23203100000000002 0.040625 0.03906225
2 0.489844 0.8515625 0.057813 0.046875
