0 0.592969 0.31015625 0.045312 0.04531275
0 0.628906 0.3398435 0.048438 0.04843725
0 0.635156 0.37968725000000003 0.051562 0.046875
0 0.6 0.37109375 0.046875 0.0515625
0 0.644531 0.425 0.048438 0.046875
0 0.651563 0.47421875 0.046875 0.04843725
0 0.65 0.5218752500000001 0.046875 0.046875
0 0.582812 0.46484375 0.04375 0.04843725
0 0.594531 0.5031252500000001 0.042188 0.046875
0 0.571875 0.552344 0.04375 0.0421875
0 0.591406 0.58671875 0.039062 0.0421875
0 0.636719 0.5984375 0.051562 0.043749750000000004
1 0.171094 0.8328125 0.070312 0.065625
1 0.25625 0.8570315000000001 0.0625 0.035937750000000004
