1 0.148438 0.40625 0.06875 0.059375250000000004
1 0.115625 0.49843775 0.071875 0.065625
1 0.178906 0.477344 0.076563 0.05468775
1 0.183594 0.5367184999999999 0.070312 0.06406275
1 0.10078099999999998 0.5609375 0.073438 0.06249975
0 0.11640599999999998 0.60468725 0.039062 0.046875
0 0.183594 0.57812525 0.042188 0.0375
1 0.10078099999999998 0.67187525 0.073438 0.06249975
1 0.170313 0.6492185 0.06875 0.06718725
0 0.179688 0.702344 0.046875 0.04843725
0 0.107813 0.74062475 0.0625 0.05312475
0 0.182031 0.7476559999999999 0.048438 0.0421875
0 0.14375 0.7804685 0.065625 0.04843725
0 0.657813 0.3132815 0.03125 0.026562749999999996
1 0.691406 0.32968775000000006 0.026561999999999995 0.028125
1 0.730469 0.3078125 0.032813 0.028125
1 0.75 0.37031225 0.040625 0.034374749999999996
1 0.69375 0.359375 0.0375 0.034374749999999996
1 0.699219 0.392969 0.039062 0.0328125
0 0.704688 0.428906 0.0375 0.0328125
0 0.746094 0.4054685 0.029687 0.026562749999999996
0 0.75 0.43671875 0.034375 0.035937750000000004
0 0.709375 0.4539065 0.025 0.017187749999999998
0 0.74375 0.4632815 0.028125 0.0234375
0 0.751563 0.490625 0.025 0.028125
0 0.739062 0.5179685 0.03125 0.02968725
0 0.715625 0.47812475 0.025 0.028125
0 0.710938 0.50781275 0.028125 0.028125
1 0.828125 0.6390627500000001 0.034375 0.03125025
1 0.8726559999999999 0.644531 0.035937 0.035937750000000004
1 0.871875 0.6742190000000001 0.03125 0.035937750000000004
1 0.824219 0.6656247499999999 0.039062 0.03125025
1 0.8367190000000001 0.68984375 0.035937 0.0328125
1 0.83125 0.719531 0.034375 0.0328125
