2 0.271094 0.26328125 0.054688 0.0515625
2 0.271875 0.32734399999999997 0.0625 0.05468775
2 0.267188 0.37968725000000003 0.059375 0.05625
2 0.264062 0.4335935 0.0625 0.0515625
2 0.204687 0.396875 0.053125 0.05000025
2 0.19375 0.35312525000000006 0.05625 0.05312475
2 0.215625 0.55390625 0.05625 0.0515625
2 0.21640600000000002 0.603125 0.060937 0.059375250000000004
2 0.2625 0.59687525 0.059375 0.05625
2 0.23046899999999998 0.655469 0.057813 0.05468775
1 0.21640600000000002 0.7015625 0.054688 0.05312475
1 0.283594 0.6546875 0.048438 0.05312475
1 0.291406 0.70312475 0.057813 0.05312475
1 0.264062 0.73124975 0.0625 0.05312475
1 0.916406 0.22031225000000002 0.070312 0.07812525000000001
1 0.9351559999999999 0.14999975000000002 0.079687 0.046875
1 0.8601560000000001 0.19921850000000002 0.070312 0.06718725
1 0.867188 0.2648435 0.078125 0.0703125
1 0.917969 0.29687525 0.073438 0.06875025
0 0.886719 0.38046875 0.048438 0.04531275
