0 0.617969 0.650000 0.048438 0.043750
0 0.634375 0.717969 0.056250 0.067187
0 0.682031 0.699219 0.060937 0.057813
0 0.676562 0.631250 0.062500 0.062500
1 0.662500 0.557031 0.071875 0.067187
1 0.600000 0.602344 0.078125 0.070312
1 0.594531 0.526563 0.070312 0.065625
2 0.581250 0.450000 0.081250 0.065625
2 0.675781 0.421094 0.073438 0.060937
2 0.657031 0.492969 0.073438 0.057813
0 0.906250 0.764062 0.056250 0.053125
0 0.968750 0.802344 0.056250 0.051562
1 0.895312 0.832812 0.075000 0.075000
1 0.967187 0.847656 0.065625 0.054688
