2 0.728125 0.367969 0.053125 0.051562
2 0.799219 0.404687 0.051562 0.050000
2 0.739062 0.435156 0.050000 0.048438
2 0.807813 0.458594 0.053125 0.048438
2 0.761719 0.482812 0.045312 0.046875
2 0.798438 0.511719 0.053125 0.045312
2 0.760938 0.535156 0.043750 0.035937
2 0.814844 0.557813 0.048438 0.043750
2 0.812500 0.589063 0.037500 0.034375
1 0.824219 0.629687 0.051562 0.046875
1 0.809375 0.671094 0.043750 0.042188
1 0.767969 0.650781 0.045312 0.039062
1 0.764844 0.608594 0.042188 0.039062
2 0.763281 0.568750 0.035937 0.028125
2 0.992188 0.292187 0.015625 0.043750
2 0.985938 0.344531 0.028125 0.051562
2 0.994531 0.392969 0.010937 0.035937
