2 0.2125 0.284375 0.0625 0.05625
1 0.189844 0.42734375 0.076563 0.0609375
1 0.182812 0.49453099999999994 0.06875 0.06406275
1 0.301563 0.34765625 0.053125 0.04843725
1 0.289062 0.4109375 0.06875 0.05312475
1 0.285938 0.4765625 0.065625 0.059375250000000004
1 0.271875 0.5328125 0.065625 0.06249975
1 0.2 0.5570315000000001 0.075 0.057812249999999996
1 0.194531 0.608594 0.070312 0.06718725
1 0.272656 0.5929685 0.073438 0.0609375
1 0.250781 0.64375025 0.073438 0.06249975
0 0.192188 0.6601565 0.06875 0.0703125
0 0.22968700000000003 0.7015625 0.075 0.06875025
1 0.653125 0.68125025 0.053125 0.05625
0 0.653906 0.734375 0.051562 0.059375250000000004
0 0.722656 0.711719 0.039062 0.04843725
0 0.720313 0.7593747499999999 0.034375 0.03125025
0 0.651563 0.23906225 0.053125 0.05000025
0 0.701562 0.23125025 0.0375 0.0375
0 0.713281 0.19218725 0.045312 0.043749750000000004
0 0.669531 0.16953125 0.032813 0.0328125
1 0.760156 0.40625 0.042188 0.05312475
2 0.403125 0.8500002500000001 0.04375 0.046875
2 0.396094 0.7820315 0.042188 0.03906225
