2 0.221875 0.41171900000000006 0.0625 0.06718725
2 0.575781 0.1953125 0.051562 0.059375250000000004
2 0.622656 0.23984375 0.057813 0.05468775
2 0.557813 0.28046899999999997 0.0625 0.0609375
2 0.525781 0.32343725 0.057813 0.05625
2 0.5125 0.36640625 0.05625 0.0609375
1 0.579688 0.34140650000000006 0.06875 0.06406275
1 0.561719 0.3960935 0.064062 0.057812249999999996
1 0.554688 0.453125 0.0625 0.05312475
1 0.510156 0.42109399999999997 0.057813 0.06406275
1 0.233594 0.466406 0.042188 0.0421875
1 0.228125 0.52578125 0.0375 0.03906225
1 0.185938 0.49140649999999997 0.04375 0.035937750000000004
1 0.160156 0.552344 0.051562 0.0515625
1 0.197656 0.58203125 0.060937 0.04843725
1 0.174219 0.635156 0.067187 0.0609375
1 0.138281 0.683594 0.070312 0.057812249999999996
1 0.077344 0.6890622499999999 0.064062 0.06249975
1 0.125781 0.589844 0.064062 0.0515625
1 0.103125 0.644531 0.0625 0.05468775
0 0.557813 0.503906 0.05 0.04843725
0 0.514062 0.4671875 0.040625 0.0375
0 0.507031 0.5046875 0.035937 0.0375
2 0.8195309999999999 0.37656275000000006 0.042188 0.03125025
2 0.870313 0.39921875 0.0375 0.026562749999999996
2 0.817969 0.41718725 0.035937 0.034374749999999996
2 0.865625 0.4390625 0.0375 0.034374749999999996
2 0.817969 0.453125 0.035937 0.028125
2 0.863281 0.48281224999999994 0.032813 0.03125025
2 0.8625 0.5148440000000001 0.0375 0.0328125
2 0.815625 0.48906275 0.034375 0.03125025
1 0.8117189999999999 0.52109375 0.035937 0.02968725
1 0.8617190000000001 0.54453125 0.032813 0.026562749999999996
1 0.817969 0.5484372499999999 0.032813 0.028125
2 0.658594 0.37656275000000006 0.023438 0.02499975
2 0.6375 0.410156 0.025 0.020312249999999997
2 0.623437 0.44531225 0.025 0.02187525
2 0.60625 0.47968774999999997 0.021875 0.03125025
2 0.945312 0.578906 0.028125 0.02968725
1 0.490625 0.19843775 0.03125 0.03125025
1 0.471094 0.21875 0.020313 0.028125
1 0.48906299999999997 0.23125025 0.025 0.028125
1 0.472656 0.25781225 0.026561999999999995 0.02499975
0 0.451562 0.2554685 0.025 0.026562749999999996
0 0.444531 0.28281275 0.023438 0.02499975
1 0.467187 0.2835935 0.025 0.0234375
0 0.46796899999999997 0.308594 0.023438 0.0234375
0 0.44531200000000004 0.3125 0.025 0.02187525
0 0.444531 0.3398435 0.023438 0.020312249999999997
0 0.449219 0.36562474999999994 0.020313 0.028125
