1 0.025781 0.2046875 0.048438 0.05000025
1 0.046875 0.2609375 0.05 0.046875
1 0.0625 0.321875 0.053125 0.043749750000000004
1 0.298438 0.31874975 0.03125 0.034374749999999996
1 0.361719 0.2945315 0.032813 0.0328125
2 0.360938 0.36718775 0.040625 0.04062525
1 0.294531 0.38984375 0.051562 0.0515625
1 0.367969 0.415625 0.051562 0.05000025
1 0.296094 0.44375 0.051562 0.046875
1 0.363281 0.4625 0.054688 0.046875
1 0.303125 0.49218725 0.053125 0.05000025
1 0.3625 0.51562475 0.053125 0.046875
0 0.367188 0.5890625 0.04375 0.043749750000000004
0 0.355469 0.63281225 0.045312 0.04062525
0 0.3125 0.625781 0.046875 0.04531275
0 0.297656 0.57656225 0.045312 0.04062525
0 0.733594 0.58671875 0.042188 0.03906225
0 0.755469 0.561719 0.042188 0.03906225
0 0.698438 0.57343775 0.046875 0.0375
0 0.672656 0.15937475 0.045312 0.046875
0 0.629687 0.14609375 0.046875 0.03906225
0 0.63125 0.1859375 0.046875 0.04062525
0 0.6625 0.23203100000000002 0.040625 0.035937750000000004
0 0.671094 0.1953125 0.035937 0.0375
0 0.74375 0.15234350000000002 0.04375 0.04843725
0 0.63125 0.21562475 0.0375 0.0375
0 0.108594 0.39374975 0.023438 0.028125
0 0.097656 0.41796875 0.035937 0.0328125
0 0.11484399999999999 0.439844 0.029687 0.026562749999999996
0 0.101562 0.48906275 0.046875 0.04062525
0 0.096875 0.5249997499999999 0.05 0.04062525
0 0.11953100000000001 0.5484372499999999 0.032813 0.034374749999999996
2 0.108594 0.76015625 0.042188 0.035937750000000004
2 0.084375 0.77031275 0.059375 0.04062525
2 0.083594 0.81171875 0.039062 0.0421875
2 0.114062 0.8085935 0.04375 0.04843725
2 0.11796900000000002 0.8335940000000001 0.045312 0.04531275
2 0.089063 0.846875 0.040625 0.043749750000000004
2 0.528125 0.81875 0.04375 0.059375250000000004
