1 0.332031 0.275 0.039062 0.0375
2 0.380469 0.241406 0.045312 0.04531275
1 0.375781 0.34140650000000006 0.048438 0.04531275
2 0.3375 0.36171875 0.05 0.04843725
2 0.371094 0.40078099999999994 0.051562 0.04531275
2 0.364063 0.45546875 0.05 0.05468775
2 0.319531 0.42734375 0.051562 0.057812249999999996
2 0.351562 0.5148440000000001 0.065625 0.057812249999999996
2 0.325 0.5687502500000001 0.065625 0.06249975
2 0.28125 0.52968725 0.065625 0.05625
2 0.305469 0.486719 0.057813 0.057812249999999996
2 0.84375 0.453125 0.034375 0.03125025
2 0.833594 0.486719 0.026561999999999995 0.02968725
2 0.853125 0.51718775 0.040625 0.0375
2 0.8414059999999999 0.56249975 0.042188 0.05625
2 0.835938 0.61015625 0.053125 0.0515625
1 0.98125 0.42656225000000003 0.034375 0.046875
1 0.744531 0.139844 0.054688 0.026562749999999996
0 0.716406 0.1625 0.035937 0.0375
