1 0.649219 0.341406 0.067187 0.060937
2 0.744531 0.308594 0.064062 0.054688
2 0.635156 0.467969 0.067187 0.060937
2 0.651563 0.517188 0.068750 0.059375
2 0.734375 0.497656 0.068750 0.070312
1 0.753125 0.445312 0.068750 0.065625
1 0.644531 0.575781 0.070312 0.067187
1 0.725000 0.565625 0.068750 0.059375
1 0.730469 0.624219 0.067187 0.054688
0 0.666406 0.639844 0.067187 0.054688
2 0.548438 0.696094 0.053125 0.048438
1 0.589063 0.741406 0.031250 0.035937
1 0.592969 0.787500 0.032813 0.037500
1 0.581250 0.828906 0.034375 0.035937
1 0.559375 0.791406 0.034375 0.029687
1 0.564844 0.747656 0.029687 0.032813
2 0.528906 0.657813 0.067187 0.025000
2 0.578125 0.710938 0.028125 0.028125
