0 0.371875 0.16562525 0.034375 0.03125025
0 0.413281 0.17343725000000002 0.026561999999999995 0.034374749999999996
0 0.380469 0.2007815 0.029687 0.026562749999999996
0 0.417969 0.21718774999999998 0.032813 0.04062525
0 0.510938 0.13828100000000002 0.040625 0.0234375
0 0.385937 0.23906225 0.028125 0.02187525
0 0.378906 0.26875024999999997 0.051562 0.034374749999999996
0 0.382812 0.308594 0.040625 0.035937750000000004
0 0.425 0.29687525 0.025 0.028125
0 0.416406 0.346094 0.045312 0.04843725
1 0.314844 0.34218724999999994 0.042188 0.04062525
1 0.317188 0.41484350000000003 0.0625 0.04843725
1 0.24765600000000002 0.44375 0.048438 0.043749750000000004
1 0.315625 0.47812475 0.059375 0.043749750000000004
1 0.235937 0.4992185 0.046875 0.03906225
1 0.308594 0.5335940000000001 0.054688 0.04843725
1 0.23125 0.5476565 0.0625 0.0515625
1 0.29375 0.5835934999999999 0.053125 0.0515625
1 0.235156 0.603125 0.057813 0.046875
0 0.2125 0.6320315 0.05 0.035937750000000004
2 0.161719 0.73124975 0.026561999999999995 0.02499975
2 0.184375 0.7593747499999999 0.021875 0.01875
2 0.179688 0.78437525 0.028125 0.02187525
2 0.196094 0.8078127500000001 0.026561999999999995 0.015624750000000001
2 0.167969 0.8429690000000001 0.054688 0.04843725
2 0.217969 0.8531247499999999 0.045312 0.043749750000000004
1 0.328906 0.6625002500000001 0.023438 0.02187525
1 0.297656 0.6882815 0.020313 0.020312249999999997
1 0.328125 0.6875 0.01875 0.02187525
1 0.335156 0.711719 0.020313 0.0140625
1 0.313281 0.728906 0.020313 0.017187749999999998
1 0.31875 0.753125 0.021875 0.01875
0 0.325781 0.7765625 0.020313 0.015624750000000001
