1 0.635156 0.51171875 0.067187 0.06406275
1 0.60625 0.55937525 0.08125 0.07187475
1 0.7125 0.56796875 0.08125 0.0703125
1 0.685156 0.6359375 0.085938 0.08124975
1 0.590625 0.617969 0.0625 0.06406275
0 0.571875 0.6828125 0.059375 0.05000025
0 0.651563 0.6976565000000001 0.084375 0.07656225
0 0.622656 0.7632815 0.054688 0.06406275
0 0.605469 0.8195315000000001 0.051562 0.0609375
0 0.521875 0.8062497499999999 0.053125 0.05312475
0 0.546094 0.7429685 0.051562 0.057812249999999996
0 0.954688 0.15859399999999998 0.078125 0.057812249999999996
0 0.9351559999999999 0.2234375 0.070312 0.07812525000000001
