2 0.580469 0.2234375 0.064062 0.06249975
2 0.520312 0.242969 0.05625 0.057812249999999996
2 0.525781 0.2984375 0.057813 0.05625
2 0.571875 0.28203125 0.05625 0.05468775
2 0.539844 0.34296875 0.042188 0.0421875
2 0.517969 0.3921875 0.051562 0.05312475
1 0.582031 0.32109350000000003 0.029687 0.0328125
1 0.579688 0.36562474999999994 0.0375 0.034374749999999996
1 0.571094 0.410156 0.057813 0.0609375
1 0.557031 0.453125 0.042188 0.046875
1 0.525781 0.43281274999999997 0.039062 0.04062525
0 0.573438 0.48359375 0.040625 0.0328125
0 0.553125 0.51250025 0.03125 0.03125025
0 0.528125 0.5015622499999999 0.03125 0.03125025
0 0.025 0.5984375 0.046875 0.05000025
0 0.020313 0.552344 0.0375 0.035937750000000004
0 0.019531 0.51718775 0.035937 0.0375
1 0.026561999999999995 0.45937474999999994 0.05 0.065625
1 0.024219 0.35390599999999994 0.045312 0.04531275
2 0.0375 0.2835935 0.046875 0.035937750000000004
2 0.046094 0.25000025 0.070312 0.07187475
