1 0.065625 0.6125 0.09375 0.09062475
1 0.159375 0.682031 0.109375 0.0984375
1 0.18125 0.57656225 0.090625 0.08124975
1 0.063281 0.524219 0.092188 0.08281275
1 0.775 0.79296875 0.065625 0.0609375
1 0.839063 0.81250025 0.046875 0.06249975
1 0.779687 0.8570315000000001 0.090625 0.035937750000000004
1 0.8507809999999999 0.6742190000000001 0.057813 0.0703125
1 0.8523440000000001 0.603125 0.064062 0.06249975
2 0.179688 0.505469 0.09375 0.0703125
2 0.458594 0.78125 0.020313 0.02187525
2 0.371094 0.8234375 0.042188 0.04062525
2 0.441406 0.85625 0.035937 0.0375
2 0.46093799999999996 0.8078127500000001 0.025 0.01875
2 0.478906 0.78125 0.017188 0.02499975
0 0.147656 0.78125 0.067187 0.07187475
0 0.716406 0.299219 0.048438 0.0421875
0 0.746875 0.24531275 0.028125 0.03125025
0 0.701562 0.20624975 0.046875 0.04062525
