1 0.132031 0.6226565 0.073438 0.05468775
1 0.194531 0.58671875 0.067187 0.07343775
1 0.124219 0.56249975 0.064062 0.059375250000000004
1 0.196875 0.524219 0.075 0.057812249999999996
1 0.125781 0.5015622499999999 0.067187 0.05312475
1 0.210156 0.466406 0.073438 0.06406275
1 0.2125 0.40937524999999997 0.065625 0.06249975
1 0.128125 0.410156 0.078125 0.057812249999999996
1 0.211719 0.34687475 0.064062 0.06249975
1 0.0875 0.3117185 0.075 0.06718725
1 0.182031 0.2664065 0.070312 0.06406275
1 0.90625 0.2007815 0.06875 0.08593724999999999
1 0.853125 0.15625024999999998 0.075 0.059375250000000004
1 0.741406 0.32343725 0.039062 0.02499975
1 0.766406 0.316406 0.032813 0.0328125
0 0.596875 0.30546875 0.028125 0.0234375
0 0.554688 0.289844 0.028125 0.035937750000000004
0 0.585938 0.26249975000000003 0.028125 0.028125
1 0.558594 0.21640625 0.035937 0.03906225
1 0.767188 0.2703125 0.025 0.03125025
