1 0.1625 0.8007815 0.08125 0.06406275
1 0.23906299999999997 0.7804685 0.0625 0.06406275
1 0.153125 0.72812525 0.08125 0.059375250000000004
1 0.265625 0.69062525 0.053125 0.046875
1 0.185156 0.67968725 0.057813 0.043749750000000004
1 0.264844 0.64375025 0.054688 0.04062525
2 0.20078100000000002 0.6273440000000001 0.054688 0.0515625
2 0.20781299999999997 0.56718725 0.065625 0.05625
2 0.279687 0.54062525 0.05625 0.06249975
2 0.22109399999999998 0.490625 0.067187 0.059375250000000004
2 0.29375 0.471875 0.0625 0.05312475
2 0.225781 0.40781225 0.067187 0.05312475
2 0.833594 0.64296875 0.064062 0.06718725
2 0.8445310000000001 0.74687525 0.064062 0.065625
2 0.853906 0.696875 0.060937 0.046875
1 0.886719 0.8328125 0.039062 0.05312475
1 0.9 0.8531247499999999 0.0375 0.028125
1 0.726562 0.15625024999999998 0.05625 0.059375250000000004
1 0.6625 0.14140625 0.05 0.02968725
1 0.9507809999999999 0.45546875 0.039062 0.04531275
1 0.949219 0.5132809999999999 0.042188 0.035937750000000004
1 0.95625 0.5570315000000001 0.05 0.03906225
1 0.96875 0.60468725 0.046875 0.04062525
0 0.9875 0.6656247499999999 0.025 0.03125025
0 0.934375 0.7296875 0.03125 0.034374749999999996
0 0.9710940000000001 0.719531 0.032813 0.02968725
0 0.9523439999999999 0.64687475 0.048438 0.0375
