1 0.18125 0.79296875 0.053125 0.05468775
1 0.270313 0.739844 0.059375 0.05468775
1 0.25 0.7992185 0.071875 0.057812249999999996
2 0.301563 0.33359375 0.046875 0.0515625
2 0.227344 0.38593774999999997 0.051562 0.05312475
2 0.285938 0.43671875 0.053125 0.06718725
2 0.276562 0.49375025000000006 0.04375 0.043749750000000004
2 0.203906 0.524219 0.079687 0.0609375
2 0.267188 0.550781 0.059375 0.04843725
2 0.199219 0.58671875 0.067187 0.0609375
2 0.267188 0.60546875 0.05625 0.0609375
2 0.210156 0.64687475 0.054688 0.046875
2 0.789062 0.15546875 0.071875 0.05468775
2 0.8460940000000001 0.21640625 0.067187 0.07656225
2 0.761719 0.23437475000000002 0.064062 0.059375250000000004
2 0.810937 0.28750025 0.05625 0.05312475
2 0.739062 0.3117185 0.046875 0.04531275
