1 0.138281 0.33749975 0.057813 0.046875
1 0.225 0.37031225 0.05625 0.05000025
1 0.1625 0.40781225 0.059375 0.046875
1 0.233594 0.42187475 0.057813 0.05000025
1 0.232813 0.4726565 0.053125 0.04531275
1 0.167969 0.5195315 0.057813 0.05468775
1 0.228125 0.5289065 0.05625 0.04843725
0 0.185156 0.5601559999999999 0.042188 0.02968725
0 0.23906299999999997 0.5804690000000001 0.04375 0.0421875
0 0.18125 0.616406 0.0375 0.035937750000000004
0 0.244531 0.6320315 0.051562 0.04843725
0 0.171875 0.66718775 0.059375 0.05625
0 0.235156 0.6773434999999999 0.057813 0.0421875
0 0.1875 0.7054685 0.05625 0.0515625
0 0.203125 0.74609375 0.053125 0.04531275
0 0.241406 0.72187475 0.051562 0.05000025
1 0.9851560000000001 0.47968774999999997 0.029687 0.0375
1 0.925 0.490625 0.04375 0.034374749999999996
1 0.923438 0.5476565 0.046875 0.03906225
1 0.978906 0.53984375 0.042188 0.04843725
1 0.9773440000000001 0.58750025 0.045312 0.046875
1 0.9226560000000001 0.59609375 0.042188 0.035937750000000004
1 0.909375 0.6414065 0.05 0.0421875
1 0.972656 0.63437525 0.054688 0.043749750000000004
1 0.960938 0.67578125 0.05 0.0421875
0 0.9210939999999999 0.75468725 0.045312 0.0375
0 0.9507809999999999 0.734375 0.035937 0.034374749999999996
0 0.478906 0.17031274999999998 0.057813 0.05000025
1 0.84375 0.2367185 0.034375 0.0328125
1 0.8429689999999999 0.261719 0.035937 0.0328125
0 0.488281 0.20703125 0.045312 0.04843725
