1 0.289844 0.33749975 0.048438 0.05000025
1 0.364063 0.39453125 0.059375 0.057812249999999996
1 0.361719 0.45937474999999994 0.064062 0.06875025
1 0.292969 0.42265625 0.057813 0.05468775
1 0.292187 0.48203150000000006 0.053125 0.0515625
1 0.340625 0.51875 0.0625 0.05625
1 0.294531 0.53906225 0.057813 0.05000025
0 0.351562 0.55859375 0.040625 0.035937750000000004
0 0.304688 0.62031275 0.0375 0.0375
0 0.351562 0.621875 0.040625 0.043749750000000004
0 0.340625 0.67187525 0.04375 0.04062525
0 0.321875 0.7210940000000001 0.059375 0.05468775
0 0.285938 0.7109375 0.0625 0.059375250000000004
