0 0.603906 0.14609375 0.045312 0.03906225
0 0.601562 0.19218725 0.0375 0.043749750000000004
0 0.315625 0.3546875 0.040625 0.0375
1 0.249219 0.621875 0.064062 0.05625
1 0.265625 0.6828125 0.0625 0.06249975
1 0.317969 0.70312475 0.054688 0.06249975
1 0.314844 0.6453125 0.067187 0.06249975
2 0.257812 0.38046875 0.046875 0.0421875
2 0.25625 0.4578125 0.065625 0.06249975
2 0.317188 0.4257815 0.05625 0.04843725
2 0.332031 0.475781 0.060937 0.0515625
2 0.255469 0.50703125 0.051562 0.04843725
2 0.319531 0.53046875 0.064062 0.05468775
2 0.232813 0.56406275 0.06875 0.065625
2 0.301563 0.59062475 0.0625 0.065625
1 0.967187 0.76093775 0.065625 0.075
2 0.810937 0.383594 0.03125 0.026562749999999996
2 0.8523440000000001 0.3960935 0.032813 0.026562749999999996
2 0.855469 0.428906 0.035937 0.0328125
2 0.8101559999999999 0.41875025 0.035937 0.03125025
