2 0.254688 0.40000025000000006 0.04375 0.046875
2 0.315625 0.44609375 0.05625 0.0515625
2 0.328125 0.49843775 0.0625 0.05625
2 0.249219 0.47890625 0.064062 0.057812249999999996
2 0.252344 0.52656275 0.057813 0.05312475
2 0.314063 0.552344 0.0625 0.05468775
2 0.23203100000000002 0.58203125 0.067187 0.0609375
2 0.298438 0.61015625 0.0625 0.057812249999999996
1 0.248438 0.6414065 0.06875 0.0703125
1 0.3125 0.663281 0.0625 0.057812249999999996
1 0.261719 0.70312475 0.064062 0.059375250000000004
1 0.317969 0.7148435 0.054688 0.06406275
0 0.598437 0.213281 0.040625 0.03906225
0 0.598437 0.16171850000000002 0.04375 0.04843725
1 0.963281 0.7804685 0.070312 0.0703125
0 0.309375 0.37031225 0.04375 0.04062525
2 0.807813 0.40000025000000006 0.03125 0.028125
2 0.846875 0.41249974999999994 0.03125 0.028125
2 0.848437 0.44375 0.040625 0.028125
2 0.804688 0.43281274999999997 0.034375 0.028125
