1 0.253125 0.32421875 0.065625 0.0609375
1 0.347656 0.28750025 0.067187 0.06249975
1 0.33125 0.35624975000000003 0.065625 0.06875025
1 0.316406 0.42421849999999994 0.070312 0.06718725
1 0.24531200000000003 0.38593774999999997 0.065625 0.065625
1 0.24609399999999998 0.44765599999999994 0.070312 0.0609375
1 0.311719 0.49296875 0.070312 0.057812249999999996
1 0.303906 0.55390625 0.067187 0.0609375
1 0.242188 0.51093725 0.06875 0.05625
1 0.23125 0.57265625 0.0625 0.0609375
0 0.241406 0.617969 0.042188 0.0421875
0 0.21875 0.66875 0.05625 0.059375250000000004
0 0.286719 0.65 0.045312 0.043749750000000004
0 0.28125 0.6976565000000001 0.0625 0.05468775
0 0.232813 0.71406275 0.05625 0.05000025
