1 0.1125 0.3921875 0.065625 0.06249975
1 0.165625 0.383594 0.053125 0.04843725
1 0.2375 0.38828150000000006 0.065625 0.06406275
2 0.23671899999999998 0.46484375 0.079687 0.06718725
2 0.15625 0.44062475 0.065625 0.06249975
2 0.165625 0.50234375 0.075 0.06718725
1 0.253125 0.5249997499999999 0.05625 0.05625
1 0.186719 0.5664065 0.067187 0.057812249999999996
0 0.10703100000000002 0.43828100000000003 0.042188 0.04531275
0 0.101562 0.5046875 0.040625 0.043749750000000004
0 0.147656 0.56718725 0.042188 0.046875
0 0.267188 0.5921877500000001 0.046875 0.046875
0 0.220312 0.63281225 0.04375 0.046875
2 0.589063 0.6539059999999999 0.03125 0.035937750000000004
1 0.563281 0.65156225 0.032813 0.034374749999999996
1 0.557813 0.68984375 0.034375 0.035937750000000004
1 0.580469 0.6875 0.035937 0.0375
1 0.582812 0.728906 0.034375 0.035937750000000004
2 0.580469 0.7679690000000001 0.035937 0.02968725
2 0.585156 0.809375 0.042188 0.043749750000000004
2 0.578906 0.8421875 0.032813 0.0375
0 0.542969 0.8375 0.035937 0.028125
0 0.548438 0.81250025 0.046875 0.0375
0 0.553125 0.7625 0.028125 0.0375
