1 0.579688 0.275781 0.043750 0.042188
1 0.660937 0.342969 0.053125 0.045312
1 0.564844 0.419531 0.048438 0.051562
1 0.625781 0.460938 0.045312 0.043750
1 0.564063 0.472656 0.050000 0.045312
1 0.570312 0.516406 0.050000 0.045312
1 0.624219 0.507031 0.045312 0.045312
0 0.625781 0.551562 0.054688 0.050000
0 0.618750 0.600000 0.050000 0.046875
0 0.568750 0.567969 0.050000 0.045312
1 0.735938 0.720313 0.046875 0.040625
1 0.731250 0.785937 0.059375 0.056250
1 0.741406 0.831250 0.057813 0.056250
1 0.367188 0.748437 0.046875 0.040625
1 0.367188 0.778125 0.043750 0.040625
1 0.415625 0.743750 0.043750 0.037500
1 0.415625 0.778125 0.053125 0.040625
1 0.721875 0.622656 0.040625 0.032813
0 0.751563 0.605469 0.031250 0.029687
0 0.392188 0.857031 0.037500 0.032813
1 0.715625 0.867969 0.046875 0.020313
1 0.714063 0.743750 0.043750 0.034375
