2 0.560156 0.37031225 0.057813 0.05312475
2 0.616406 0.44140625 0.051562 0.0515625
2 0.551562 0.46093775 0.053125 0.05312475
2 0.554688 0.51250025 0.05 0.05625
2 0.603125 0.49375025000000006 0.05625 0.05625
1 0.607812 0.5453127500000001 0.059375 0.05000025
1 0.569531 0.569531 0.048438 0.0515625
1 0.616406 0.59609375 0.054688 0.0515625
1 0.571094 0.6398435 0.051562 0.05468775
1 0.626563 0.64765625 0.046875 0.04843725
0 0.583594 0.68984375 0.045312 0.04843725
0 0.584375 0.72656225 0.034375 0.034374749999999996
0 0.645312 0.75078125 0.040625 0.04531275
0 0.628125 0.785156 0.05625 0.05468775
0 0.615625 0.8249997499999999 0.053125 0.06249975
0 0.575 0.775781 0.046875 0.05468775
2 0.43281200000000003 0.8343747499999999 0.04375 0.046875
0 0.430469 0.7617185 0.032813 0.0328125
1 0.921875 0.20703125 0.05625 0.05468775
0 0.8835940000000001 0.289844 0.039062 0.0421875
0 0.846875 0.29531225 0.03125 0.028125
0 0.85625 0.31874975 0.028125 0.03125025
2 0.292969 0.3023435 0.039062 0.03906225
2 0.234375 0.28124975 0.040625 0.034374749999999996
2 0.2375 0.32812475 0.0375 0.04062525
2 0.290625 0.34296875 0.046875 0.0421875
1 0.11640599999999998 0.753125 0.026561999999999995 0.0375
2 0.151562 0.7476559999999999 0.040625 0.035937750000000004
2 0.173437 0.6875 0.04375 0.0375
2 0.103125 0.6742190000000001 0.04375 0.0328125
1 0.980469 0.1804685 0.039062 0.06718725
