1 0.267969 0.2796875 0.048438 0.046875
1 0.35 0.30625025 0.053125 0.05000025
1 0.342969 0.37109375 0.057813 0.057812249999999996
1 0.274219 0.35078149999999997 0.051562 0.04843725
1 0.286719 0.40390625 0.048438 0.04843725
1 0.342187 0.42343775000000006 0.05 0.043749750000000004
0 0.31875 0.56796875 0.04375 0.0421875
0 0.371875 0.58671875 0.04375 0.03906225
0 0.325 0.61015625 0.04375 0.03906225
0 0.364844 0.62812475 0.039062 0.043749750000000004
0 0.317188 0.4804685 0.021875 0.0234375
0 0.321875 0.522656 0.028125 0.020312249999999997
0 0.373437 0.5007815 0.021875 0.0234375
0 0.373437 0.54453125 0.021875 0.026562749999999996
0 0.360938 0.19140649999999998 0.05 0.04843725
0 0.407813 0.177344 0.04375 0.0515625
0 0.477344 0.24609350000000002 0.039062 0.0421875
0 0.458594 0.20234375 0.035937 0.0328125
1 0.7 0.496094 0.028125 0.0328125
1 0.703125 0.53515625 0.0375 0.035937750000000004
1 0.686719 0.5851565 0.039062 0.03906225
0 0.7125 0.655469 0.03125 0.0328125
0 0.685937 0.65312525 0.03125 0.034374749999999996
1 0.748437 0.57656225 0.01875 0.02187525
1 0.785156 0.60937475 0.026561999999999995 0.02187525
1 0.75625 0.621875 0.021875 0.02499975
1 0.785937 0.64765625 0.025 0.026562749999999996
1 0.788281 0.6773434999999999 0.032813 0.02968725
1 0.775781 0.70781225 0.035937 0.03125025
1 0.761719 0.73124975 0.035937 0.034374749999999996
1 0.742969 0.7054685 0.029687 0.02968725
1 0.74375 0.67499975 0.03125 0.028125
1 0.749219 0.64843775 0.035937 0.02499975
