1 0.444531 0.295312 0.029687 0.031250
1 0.457813 0.332813 0.034375 0.037500
1 0.541406 0.347656 0.051562 0.048438
1 0.550781 0.320312 0.045312 0.046875
1 0.619531 0.344531 0.051562 0.054688
1 0.621875 0.381250 0.053125 0.043750
1 0.539062 0.398438 0.050000 0.050000
0 0.542188 0.440625 0.034375 0.031250
0 0.604688 0.421875 0.031250 0.040625
0 0.599219 0.466406 0.032813 0.029687
0 0.539844 0.475781 0.032813 0.032813
0 0.533594 0.517969 0.032813 0.035937
0 0.593750 0.503125 0.031250 0.031250
0 0.596875 0.555469 0.046875 0.051562
0 0.474219 0.372656 0.029687 0.026562
0 0.475781 0.403906 0.032813 0.032813
0 0.478125 0.434375 0.037500 0.031250
0 0.451562 0.465625 0.037500 0.034375
0 0.436719 0.484375 0.039062 0.037500
0 0.528125 0.555469 0.046875 0.048438
0 0.564063 0.565625 0.037500 0.050000
1 0.483594 0.607031 0.039062 0.035937
1 0.434375 0.614844 0.031250 0.032813
1 0.421875 0.642969 0.034375 0.035937
1 0.421875 0.674219 0.037500 0.035937
1 0.412500 0.703906 0.037500 0.032813
1 0.478125 0.638281 0.037500 0.029687
1 0.468750 0.670312 0.034375 0.034375
1 0.455469 0.695312 0.035937 0.037500
1 0.442969 0.722656 0.032813 0.035937
1 0.249219 0.517188 0.035937 0.034375
1 0.306250 0.517969 0.037500 0.026562
1 0.296875 0.553125 0.034375 0.034375
1 0.280469 0.585156 0.035937 0.032813
1 0.274219 0.618750 0.039062 0.028125
1 0.241406 0.563281 0.039062 0.032813
1 0.232031 0.596094 0.032813 0.032813
1 0.228125 0.625781 0.043750 0.032813
1 0.083594 0.699219 0.042188 0.029687
1 0.089844 0.673438 0.029687 0.028125
1 0.109375 0.682031 0.021875 0.023438
1 0.113281 0.655469 0.026562 0.023438
1 0.084375 0.642188 0.028125 0.025000
1 0.109375 0.628906 0.028125 0.017188
1 0.103906 0.607031 0.026562 0.017188
