1 0.820312 0.1859375 0.046875 0.05312475
1 0.8460940000000001 0.23593775 0.048438 0.046875
1 0.8445310000000001 0.29531225 0.042188 0.04062525
0 0.8875 0.28750025 0.0375 0.0375
0 0.895312 0.32812475 0.04375 0.043749750000000004
0 0.865625 0.32734399999999997 0.028125 0.02968725
0 0.907813 0.3695315 0.053125 0.0515625
0 0.8773440000000001 0.42265625 0.048438 0.04531275
0 0.847656 0.4539065 0.045312 0.04531275
0 0.8304690000000001 0.46562525 0.048438 0.046875
1 0.59375 0.47421875 0.04375 0.0421875
2 0.670312 0.47500025 0.0375 0.0375
2 0.667188 0.528125 0.046875 0.04062525
2 0.661719 0.5796875 0.048438 0.043749750000000004
2 0.591406 0.53593775 0.048438 0.043749750000000004
2 0.592969 0.60156275 0.051562 0.04062525
1 0.5875 0.64765625 0.05625 0.04843725
2 0.653906 0.62343725 0.051562 0.043749750000000004
1 0.650781 0.6742190000000001 0.048438 0.04531275
1 0.586719 0.69531275 0.048438 0.046875
1 0.325 0.682031 0.028125 0.020312249999999997
1 0.34375 0.71406275 0.03125 0.03125025
1 0.357031 0.7445315000000001 0.032813 0.0328125
1 0.330469 0.76484375 0.042188 0.03906225
1 0.364063 0.7796877500000001 0.0375 0.04062525
1 0.346094 0.8039059999999999 0.042188 0.03906225
1 0.33125 0.8382815000000001 0.0375 0.03906225
1 0.8976559999999999 0.55781225 0.057813 0.05312475
1 0.979688 0.617969 0.040625 0.0515625
1 0.9757809999999999 0.664844 0.048438 0.04843725
1 0.975 0.711719 0.05 0.0515625
1 0.9601559999999999 0.7593747499999999 0.054688 0.046875
1 0.948438 0.8062497499999999 0.053125 0.05000025
1 0.9070310000000001 0.730469 0.051562 0.05468775
1 0.896875 0.777344 0.05625 0.0515625
1 0.898438 0.68515625 0.053125 0.05468775
