2 0.48125 0.372656 0.053125 0.0515625
2 0.551562 0.39921875 0.0625 0.05468775
2 0.472656 0.43281274999999997 0.057813 0.05625
2 0.467187 0.48749975 0.059375 0.06249975
2 0.559375 0.45156275 0.059375 0.05625
2 0.553906 0.5007815 0.060937 0.05468775
2 0.5 0.51640625 0.059375 0.0609375
1 0.541406 0.5421875 0.057813 0.05312475
1 0.532031 0.5921877500000001 0.057813 0.05625
0 0.477344 0.5796875 0.042188 0.043749750000000004
1 0.059375 0.27343775 0.0375 0.04062525
1 0.032031 0.2101565 0.042188 0.03906225
1 0.021875 0.17031274999999998 0.040625 0.04062525
1 0.538281 0.33281225000000003 0.039062 0.0375
0 0.471875 0.288281 0.03125 0.02968725
0 0.463281 0.21640625 0.032813 0.0328125
0 0.535937 0.26718725 0.0375 0.0375
1 0.039844 0.24843725 0.039062 0.043749750000000004
