2 0.532813 0.30390649999999997 0.053125 0.04843725
2 0.513281 0.41328125 0.064062 0.05468775
2 0.5875 0.396875 0.053125 0.06249975
2 0.624219 0.41718725 0.057813 0.065625
0 0.508594 0.477344 0.051562 0.057812249999999996
0 0.696875 0.550781 0.053125 0.0703125
0 0.65625 0.588281 0.059375 0.08281275
0 0.604688 0.60468725 0.053125 0.059375250000000004
0 0.589844 0.683594 0.048438 0.07343775
0 0.55 0.74609375 0.04375 0.07656225
0 0.589063 0.8132809999999999 0.0375 0.06718725
2 0.624219 0.37421899999999997 0.064062 0.0609375
