2 0.465625 0.28124975 0.040625 0.05000025
2 0.392188 0.41718725 0.040625 0.034374749999999996
0 0.461719 0.36796850000000003 0.026561999999999995 0.02968725
2 0.45390600000000003 0.475781 0.051562 0.05468775
2 0.402344 0.49218725 0.035937 0.043749750000000004
2 0.458594 0.5382815 0.045312 0.057812249999999996
2 0.396094 0.5703125 0.048438 0.059375250000000004
2 0.435937 0.59609375 0.059375 0.06718725
2 0.402344 0.62343725 0.048438 0.07187475
2 0.400781 0.6734375 0.060937 0.075
1 0.440625 0.64687475 0.046875 0.08124975
2 0.455469 0.70000025 0.048438 0.075
0 0.428125 0.719531 0.046875 0.07343775
0 0.484375 0.7242184999999999 0.0375 0.0609375
0 0.46093799999999996 0.76406225 0.040625 0.075
