1 0.267188 0.5328125 0.059375 0.065625
0 0.24765600000000002 0.589844 0.048438 0.0890625
0 0.21484399999999998 0.65703125 0.042188 0.06718725
0 0.239844 0.70859375 0.045312 0.07343775
0 0.284375 0.7054685 0.046875 0.0703125
0 0.295312 0.616406 0.0375 0.0609375
2 0.338281 0.32031275 0.048438 0.05000025
2 0.283594 0.35156225 0.048438 0.06875025
2 0.338281 0.37734349999999994 0.051562 0.057812249999999996
2 0.314844 0.4164065 0.051562 0.0703125
2 0.319531 0.47890625 0.057813 0.06718725
2 0.269531 0.44609375 0.051562 0.06718725
2 0.847656 0.78749975 0.045312 0.0375
2 0.8570309999999999 0.8390622499999999 0.054688 0.05312475
2 0.807813 0.85859375 0.05 0.0328125
