2 0.264844 0.27734375 0.064062 0.06718725
1 0.265625 0.39140600000000003 0.0625 0.06718725
2 0.239844 0.37734349999999994 0.060937 0.06718725
1 0.251563 0.44140625 0.059375 0.0609375
1 0.295312 0.477344 0.071875 0.0703125
1 0.313281 0.5453127500000001 0.064062 0.05625
1 0.3 0.5718747499999999 0.059375 0.06249975
0 0.344531 0.6132815 0.060937 0.06406275
0 0.314844 0.63281225 0.067187 0.06249975
0 0.373437 0.67031225 0.053125 0.06249975
0 0.340625 0.68515625 0.053125 0.0703125
0 0.391406 0.725 0.057813 0.07187475
