2 0.446875 0.382031 0.05 0.057812249999999996
2 0.46406200000000003 0.439844 0.04375 0.0515625
2 0.51875 0.4109375 0.04375 0.046875
2 0.51875 0.466406 0.05 0.0515625
1 0.475781 0.503906 0.042188 0.04531275
1 0.48359399999999997 0.542969 0.045312 0.035937750000000004
1 0.528125 0.51171875 0.040625 0.04531275
1 0.534375 0.55781225 0.04375 0.046875
0 0.554688 0.59687525 0.046875 0.043749750000000004
0 0.504687 0.588281 0.04375 0.04843725
0 0.517188 0.6507815000000001 0.034375 0.0421875
0 0.574219 0.64843775 0.032813 0.0375
0 0.567969 0.6960935 0.042188 0.057812249999999996
0 0.530469 0.6875 0.035937 0.06249975
