0 0.596094 0.16874975 0.060937 0.08124975
0 0.541406 0.14687524999999998 0.073438 0.04062525
2 0.669531 0.38984375 0.085938 0.0796875
2 0.596875 0.47812475 0.0625 0.075
2 0.664062 0.486719 0.075 0.06718725
2 0.602344 0.5460935 0.060937 0.0703125
2 0.652344 0.552344 0.076563 0.057812249999999996
2 0.600781 0.6078125 0.067187 0.05625
2 0.657031 0.6156252500000001 0.064062 0.059375250000000004
1 0.603906 0.65781275 0.067187 0.05625
1 0.589844 0.71406275 0.067187 0.05000025
1 0.645312 0.70468775 0.0625 0.043749750000000004
1 0.651563 0.663281 0.0625 0.04531275
0 0.667188 0.7625 0.046875 0.065625
0 0.61875 0.7710934999999999 0.05 0.0609375
