2 0.357031 0.33125 0.054688 0.07187475
2 0.29375 0.359375 0.046875 0.07187475
2 0.310937 0.3960935 0.059375 0.06406275
2 0.225781 0.402344 0.073438 0.057812249999999996
2 0.278125 0.44609375 0.06875 0.07656225
2 0.21640600000000002 0.477344 0.070312 0.0609375
2 0.267188 0.49296875 0.06875 0.07343775
0 0.278906 0.53984375 0.051562 0.05468775
0 0.239844 0.5742185 0.042188 0.0515625
1 0.285938 0.616406 0.053125 0.0609375
1 0.22265600000000002 0.65312525 0.048438 0.059375250000000004
2 0.264844 0.6867185 0.054688 0.0609375
2 0.244531 0.730469 0.054688 0.06406275
2 0.210938 0.7242184999999999 0.05 0.057812249999999996
2 0.9304690000000001 0.34296875 0.032813 0.0421875
