2 0.607031 0.396875 0.048438 0.0375
2 0.535937 0.44531225 0.046875 0.04062525
2 0.620313 0.43203125 0.05625 0.0421875
2 0.604688 0.46874975 0.053125 0.043749750000000004
2 0.624219 0.48828125 0.057813 0.0515625
2 0.585156 0.5328125 0.060937 0.05625
2 0.610156 0.58124975 0.054688 0.065625
2 0.539844 0.5007815 0.054688 0.04843725
2 0.507812 0.51640625 0.04375 0.03906225
2 0.516406 0.55390625 0.054688 0.04531275
2 0.480469 0.571094 0.054688 0.057812249999999996
2 0.509375 0.6156252500000001 0.05625 0.05000025
2 0.46953100000000003 0.62890625 0.051562 0.0609375
2 0.477344 0.672656 0.048438 0.0609375
2 0.514062 0.6695315 0.05 0.0703125
2 0.528125 0.71406275 0.05 0.07812525000000001
2 0.463281 0.71796875 0.054688 0.06406275
0 0.470313 0.79218725 0.04375 0.075
2 0.503125 0.7562502500000001 0.04375 0.08124975
1 0.609375 0.644531 0.040625 0.0703125
2 0.582812 0.6039065000000001 0.053125 0.06718725
1 0.567187 0.372656 0.03125 0.0328125
0 0.980469 0.24453125 0.039062 0.0796875
