2 0.3125 0.14609375 0.040625 0.03906225
2 0.358594 0.23125025 0.042188 0.05312475
2 0.352344 0.33828125 0.045312 0.057812249999999996
2 0.288281 0.27734375 0.042188 0.057812249999999996
2 0.285938 0.36640625 0.04375 0.05468775
2 0.336719 0.4203125 0.051562 0.059375250000000004
1 0.277344 0.434375 0.045312 0.05625
2 0.324219 0.47812475 0.054688 0.065625
1 0.275 0.49765625 0.04375 0.0703125
1 0.271094 0.5648435 0.048438 0.07343775
2 0.314844 0.53125025 0.045312 0.06875025
1 0.277344 0.62343725 0.048438 0.065625
2 0.314063 0.5984375 0.053125 0.08124975
0 0.329688 0.644531 0.04375 0.06718725
0 0.291406 0.70859375 0.042188 0.06718725
0 0.342187 0.69062525 0.040625 0.07187475
0 0.310937 0.7445315000000001 0.05 0.0703125
