1 0.167969 0.26406275 0.054688 0.06249975
1 0.22109399999999998 0.25781225 0.054688 0.05312475
1 0.280469 0.23984375 0.054688 0.057812249999999996
1 0.194531 0.31953125 0.051562 0.057812249999999996
1 0.23671899999999998 0.3078125 0.057813 0.05625
1 0.294531 0.308594 0.048438 0.057812249999999996
1 0.235937 0.34218724999999994 0.059375 0.046875
1 0.22265600000000002 0.3867185 0.054688 0.0515625
1 0.311719 0.36484400000000006 0.051562 0.05468775
0 0.264062 0.3734375 0.053125 0.046875
0 0.178125 0.37656275000000006 0.05625 0.05000025
0 0.169531 0.43671875 0.057813 0.0515625
0 0.182031 0.486719 0.048438 0.057812249999999996
0 0.20781299999999997 0.50781275 0.04375 0.05625
0 0.24609399999999998 0.505469 0.042188 0.06406275
0 0.295312 0.5203122499999999 0.053125 0.06249975
0 0.303125 0.46171850000000003 0.04375 0.05468775
0 0.21875 0.45937474999999994 0.05 0.05000025
0 0.258594 0.44218775 0.045312 0.05625
0 0.298438 0.410156 0.05625 0.0421875
0 0.296094 0.6773434999999999 0.029687 0.04843725
0 0.326562 0.691406 0.03125 0.04843725
2 0.900781 0.70781225 0.054688 0.05000025
2 0.567969 0.6875 0.045312 0.028125
1 0.561719 0.71875025 0.032813 0.034374749999999996
0 0.53125 0.70000025 0.040625 0.034374749999999996
0 0.514844 0.72656225 0.029687 0.03125025
0 0.505469 0.74687525 0.026561999999999995 0.04062525
