2 0.351562 0.299219 0.065625 0.07343775
2 0.235156 0.32421875 0.070312 0.0703125
2 0.255469 0.39062525 0.067187 0.065625
2 0.3375 0.4054685 0.065625 0.0703125
1 0.196875 0.39531275 0.06875 0.07187475
1 0.134375 0.40859375 0.06875 0.06406275
1 0.169531 0.34765625 0.067187 0.07656225
1 0.192188 0.46484375 0.059375 0.06406275
1 0.1375 0.4804685 0.06875 0.06406275
0 0.169531 0.5218752500000001 0.064062 0.075
1 0.264844 0.52109375 0.064062 0.05468775
2 0.261719 0.45078125 0.070312 0.06406275
1 0.349219 0.5757815 0.064062 0.057812249999999996
1 0.264844 0.58671875 0.064062 0.06406275
1 0.319531 0.50703125 0.060937 0.0609375
0 0.26875 0.6640625 0.0625 0.059375250000000004
0 0.261719 0.72187475 0.045312 0.07187475
0 0.292187 0.75078125 0.053125 0.08281275
0 0.317969 0.6921875 0.057813 0.07187475
