2 0.389062 0.20546899999999998 0.06875 0.06718725
2 0.294531 0.22031225000000002 0.057813 0.05625
2 0.29375 0.2929685 0.059375 0.0609375
2 0.349219 0.27656225 0.067187 0.059375250000000004
2 0.288281 0.3492185 0.057813 0.057812249999999996
2 0.342187 0.340625 0.0625 0.06249975
2 0.342187 0.39453125 0.0625 0.0609375
2 0.282031 0.4203125 0.054688 0.06249975
2 0.323437 0.4632815 0.065625 0.06406275
2 0.273438 0.4765625 0.05 0.07187475
2 0.305469 0.51640625 0.060937 0.06406275
0 0.255469 0.53125025 0.045312 0.05625
0 0.249219 0.58203125 0.042188 0.057812249999999996
0 0.289062 0.57265625 0.05 0.0703125
0 0.299219 0.6265625 0.045312 0.06249975
0 0.257812 0.644531 0.040625 0.06406275
0 0.23203100000000002 0.6265625 0.039062 0.06249975
2 0.714844 0.32734399999999997 0.035937 0.0328125
2 0.7 0.30468725 0.03125 0.034374749999999996
2 0.7375 0.28281275 0.028125 0.028125
2 0.709375 0.24843725 0.025 0.034374749999999996
2 0.754687 0.233594 0.034375 0.026562749999999996
