2 0.601562 0.39531275 0.075 0.059375250000000004
2 0.594531 0.42656225000000003 0.076563 0.059375250000000004
2 0.657813 0.44687525000000006 0.075 0.05312475
2 0.558594 0.475781 0.070312 0.0609375
2 0.564063 0.58203125 0.05 0.05468775
2 0.517969 0.6039065000000001 0.054688 0.05468775
2 0.526563 0.65 0.059375 0.05625
2 0.530469 0.7210940000000001 0.051562 0.0609375
1 0.617188 0.64843775 0.0625 0.059375250000000004
1 0.6375 0.55468775 0.06875 0.059375250000000004
1 0.653125 0.616406 0.0625 0.057812249999999996
1 0.646875 0.48515600000000003 0.05625 0.03906225
1 0.672656 0.50624975 0.076563 0.046875
0 0.664844 0.6867185 0.054688 0.0515625
0 0.635938 0.74218775 0.053125 0.05312475
0 0.659375 0.74999975 0.04375 0.05625
0 0.583594 0.728906 0.042188 0.04843725
0 0.589844 0.786719 0.051562 0.057812249999999996
0 0.557031 0.78125 0.051562 0.06249975
