2 0.125 0.288281 0.04375 0.0421875
2 0.235156 0.27734375 0.057813 0.0609375
2 0.213281 0.37734349999999994 0.048438 0.04531275
2 0.1125 0.3921875 0.05 0.05312475
2 0.126562 0.47890625 0.059375 0.05468775
2 0.189062 0.457031 0.05625 0.05468775
2 0.195312 0.5101565000000001 0.053125 0.05468775
2 0.146875 0.53984375 0.065625 0.057812249999999996
2 0.189062 0.56718725 0.05625 0.059375250000000004
1 0.144531 0.60078125 0.064062 0.057812249999999996
1 0.196094 0.6210935 0.064062 0.057812249999999996
1 0.157812 0.65703125 0.065625 0.05468775
1 0.179688 0.69062525 0.059375 0.06875025
0 0.136719 0.7109375 0.054688 0.059375250000000004
0 0.132812 0.78437525 0.053125 0.059375250000000004
