2 0.253125 0.228125 0.071875 0.07812525000000001
2 0.109375 0.28671875 0.075 0.07656225
2 0.23203100000000002 0.32734399999999997 0.070312 0.06406275
2 0.121875 0.37187525 0.075 0.07187475
2 0.148438 0.453125 0.078125 0.075
2 0.233594 0.3921875 0.076563 0.075
2 0.235156 0.47890625 0.082812 0.08593724999999999
1 0.175781 0.53984375 0.067187 0.0796875
1 0.199219 0.61093775 0.082812 0.08124975
1 0.264062 0.5601559999999999 0.071875 0.08593724999999999
1 0.267188 0.63828125 0.06875 0.0890625
0 0.279687 0.72656225 0.084375 0.09062475
0 0.202344 0.6882815 0.064062 0.09531225
