2 0.241406 0.35624975000000003 0.070312 0.084375
2 0.20781299999999997 0.47421875 0.078125 0.0796875
1 0.2 0.58750025 0.059375 0.06875025
1 0.195312 0.65156225 0.059375 0.075
1 0.10703100000000002 0.68515625 0.057813 0.07656225
1 0.151562 0.734375 0.071875 0.08124975
1 0.197656 0.70390625 0.057813 0.07343775
0 0.149219 0.5945315 0.048438 0.04531275
0 0.157031 0.5218752500000001 0.042188 0.04062525
2 0.971875 0.3320315 0.05625 0.07343775
0 0.9523439999999999 0.4109375 0.067187 0.05000025
0 0.957031 0.4765625 0.060937 0.05625
0 0.9757809999999999 0.6171875 0.048438 0.065625
