1 0.300781 0.308594 0.057813 0.06718725
1 0.188281 0.27187475 0.060937 0.06249975
1 0.204687 0.35703125 0.0625 0.057812249999999996
1 0.292187 0.39374975 0.065625 0.059375250000000004
1 0.273438 0.45546875 0.071875 0.07343775
1 0.305469 0.53984375 0.064062 0.0609375
1 0.30625 0.62500025 0.06875 0.07812525000000001
1 0.23203100000000002 0.59999975 0.064062 0.08124975
1 0.249219 0.67187525 0.060937 0.07187475
1 0.211719 0.42812525 0.064062 0.065625
1 0.225 0.509375 0.06875 0.07812525000000001
2 0.873437 0.20703125 0.096875 0.0609375
2 0.902344 0.307031 0.095312 0.07343775
1 0.910937 0.41328125 0.08125 0.06718725
1 0.898438 0.34765625 0.1 0.06718725
0 0.311719 0.70000025 0.067187 0.084375
0 0.263281 0.7390625 0.060937 0.08124975
0 0.326562 0.78125 0.059375 0.09375
0 0.286719 0.8156247499999999 0.054688 0.09375
