2 0.505469 0.18281225 0.067187 0.08750025
2 0.446875 0.24609350000000002 0.071875 0.08281275
2 0.5375 0.308594 0.065625 0.0796875
2 0.488281 0.3359375 0.070312 0.065625
2 0.538281 0.392969 0.057813 0.06406275
1 0.501563 0.45937474999999994 0.06875 0.065625
1 0.547656 0.49765625 0.064062 0.0703125
1 0.505469 0.542969 0.076563 0.06406275
1 0.544531 0.58281275 0.076563 0.065625
1 0.494531 0.6070309999999999 0.070312 0.06406275
1 0.547656 0.6601565 0.070312 0.0609375
0 0.529687 0.72734375 0.05625 0.07656225
0 0.521875 0.7617185 0.05 0.0609375
0 0.49531200000000003 0.8085935 0.05 0.07343775
0 0.447656 0.7953125 0.045312 0.07187475
0 0.709375 0.16171850000000002 0.05625 0.0703125
0 0.653906 0.14609375 0.051562 0.03906225
