0 0.076563 0.18906275 0.0625 0.07812525000000001
2 0.278906 0.3398435 0.079687 0.057812249999999996
2 0.196875 0.44453149999999997 0.0875 0.06406275
2 0.199219 0.42187475 0.082812 0.059375250000000004
1 0.2625 0.44609375 0.078125 0.07656225
2 0.151562 0.505469 0.096875 0.0609375
1 0.190625 0.53593775 0.0875 0.065625
1 0.160156 0.61093775 0.092188 0.059375250000000004
1 0.186719 0.640625 0.089063 0.06875025
1 0.155469 0.6875 0.079687 0.065625
1 0.196094 0.73124975 0.089063 0.06249975
1 0.166406 0.7804685 0.060937 0.07656225
0 0.28125 0.53125025 0.06875 0.08750025
0 0.305469 0.565625 0.045312 0.065625
0 0.313281 0.62343725 0.054688 0.08124975
