2 0.3375 0.36171875 0.05625 0.0703125
2 0.252344 0.39921875 0.060937 0.07343775
2 0.336719 0.45625024999999997 0.057813 0.065625
2 0.323437 0.53125025 0.065625 0.06875025
2 0.278906 0.542969 0.070312 0.06406275
1 0.910937 0.1632815 0.04375 0.04843725
1 0.9710940000000001 0.1484375 0.054688 0.043749750000000004
1 0.948438 0.20781275 0.04375 0.05312475
1 0.895312 0.23515625 0.04375 0.0515625
1 0.9382810000000001 0.265625 0.045312 0.05312475
1 0.8914060000000001 0.2929685 0.045312 0.04843725
1 0.925 0.325781 0.05625 0.0421875
0 0.91875 0.42421849999999994 0.040625 0.04531275
0 0.865625 0.40625 0.046875 0.043749750000000004
1 0.310156 0.640625 0.042188 0.04062525
1 0.253125 0.67656275 0.040625 0.04062525
1 0.267188 0.7429685 0.053125 0.06718725
1 0.3125 0.71796875 0.053125 0.0609375
1 0.340625 0.775781 0.053125 0.057812249999999996
1 0.289844 0.78749975 0.048438 0.06249975
0 0.315625 0.8273434999999999 0.05 0.0609375
2 0.9523439999999999 0.76953125 0.048438 0.05468775
2 0.9679689999999999 0.832031 0.048438 0.0515625
2 0.926562 0.8390622499999999 0.046875 0.05312475
