0 0.572656 0.7679690000000001 0.048438 0.0703125
0 0.610156 0.70781225 0.045312 0.059375250000000004
0 0.573438 0.67578125 0.05625 0.057812249999999996
0 0.525781 0.6640625 0.048438 0.059375250000000004
1 0.505469 0.59999975 0.048438 0.059375250000000004
2 0.485938 0.53906225 0.053125 0.059375250000000004
2 0.428906 0.25781225 0.051562 0.06875025
2 0.526563 0.25781225 0.053125 0.06875025
2 0.45 0.34453100000000003 0.05625 0.06406275
2 0.471875 0.4070315 0.05 0.05468775
2 0.528125 0.37578125 0.05 0.0609375
2 0.482812 0.4726565 0.05 0.05468775
2 0.51875 0.4429685 0.053125 0.0609375
2 0.527344 0.5031252500000001 0.057813 0.05312475
2 0.5375 0.565625 0.05 0.06249975
2 0.553125 0.6304684999999999 0.053125 0.0609375
