2 0.11484399999999999 0.19140649999999998 0.073438 0.0890625
2 0.10390600000000001 0.32031275 0.076563 0.084375
2 0.20546899999999998 0.2648435 0.076563 0.08281275
2 0.152344 0.3546875 0.076563 0.08124975
2 0.113281 0.4203125 0.064062 0.08124975
2 0.180469 0.46796899999999997 0.076563 0.07343775
2 0.14375 0.53125025 0.06875 0.075
2 0.189844 0.55937525 0.079687 0.084375
2 0.178125 0.61015625 0.053125 0.05468775
2 0.21406200000000003 0.62343725 0.059375 0.07187475
2 0.171094 0.6742190000000001 0.060937 0.0609375
2 0.179688 0.74687525 0.06875 0.07187475
2 0.23671899999999998 0.696875 0.054688 0.075
2 0.189844 0.78359375 0.054688 0.0703125
