2 0.516406 0.5515625 0.060937 0.065625
2 0.494531 0.61015625 0.064062 0.057812249999999996
2 0.549219 0.6210935 0.064062 0.0609375
2 0.599219 0.58281275 0.067187 0.059375250000000004
1 0.525 0.66640625 0.05 0.0515625
1 0.470313 0.66718775 0.05625 0.05312475
1 0.45390600000000003 0.7203125 0.054688 0.05312475
1 0.51875 0.7203125 0.05 0.05312475
1 0.5 0.7679690000000001 0.05625 0.057812249999999996
1 0.658594 0.67031225 0.070312 0.07812525000000001
0 0.4375 0.77890625 0.053125 0.057812249999999996
0 0.461719 0.8179684999999999 0.057813 0.06406275
0 0.583594 0.73203125 0.054688 0.06718725
0 0.639844 0.74999975 0.060937 0.06875025
0 0.630469 0.8085935 0.051562 0.0703125
0 0.594531 0.785156 0.054688 0.06406275
