2 0.511719 0.3226565 0.057813 0.057812249999999996
1 0.54375 0.37578125 0.053125 0.06406275
1 0.5625 0.45625024999999997 0.065625 0.06249975
1 0.639844 0.42812525 0.067187 0.059375250000000004
1 0.627344 0.496094 0.076563 0.057812249999999996
1 0.627344 0.33359375 0.070312 0.0609375
0 0.558594 0.54921875 0.073438 0.0609375
0 0.604688 0.57343775 0.0875 0.05625
0 0.532031 0.6273440000000001 0.070312 0.057812249999999996
0 0.532813 0.6828125 0.075 0.065625
0 0.573438 0.69374975 0.0625 0.07187475
1 0.307812 0.28046899999999997 0.04375 0.04843725
1 0.799219 0.6492185 0.051562 0.057812249999999996
1 0.783594 0.68046875 0.045312 0.05468775
0 0.746094 0.719531 0.035937 0.0515625
0 0.755469 0.757031 0.032813 0.04531275
2 0.964063 0.76874975 0.05625 0.06875025
2 0.8929690000000001 0.5484372499999999 0.057813 0.043749750000000004
0 0.23046899999999998 0.6890622499999999 0.039062 0.05312475
