2 0.228906 0.43828100000000003 0.070312 0.0703125
2 0.314063 0.3921875 0.065625 0.075
2 0.285938 0.3828125 0.075 0.06249975
2 0.25625 0.45546875 0.0625 0.0703125
1 0.213281 0.608594 0.057813 0.04531275
1 0.20078100000000002 0.67109375 0.060937 0.05468775
1 0.271094 0.6789065 0.054688 0.06718725
1 0.26875 0.61484375 0.0625 0.04531275
1 0.278906 0.561719 0.060937 0.04843725
1 0.336719 0.53984375 0.060937 0.04843725
1 0.341406 0.603125 0.054688 0.05312475
1 0.309375 0.64765625 0.053125 0.057812249999999996
1 0.228906 0.5484372499999999 0.039062 0.03125025
0 0.339062 0.4726565 0.040625 0.03906225
0 0.329688 0.69921875 0.046875 0.0609375
0 0.295312 0.72812525 0.046875 0.06875025
1 0.184375 0.74375 0.059375 0.059375250000000004
0 0.191406 0.7953125 0.048438 0.05312475
0 0.221875 0.8289065000000001 0.05 0.06406275
0 0.225 0.75468725 0.05 0.059375250000000004
2 0.705469 0.7124997499999999 0.060937 0.043749750000000004
