0 0.607031 0.213281 0.051562 0.07343775
0 0.589063 0.325781 0.053125 0.09531225
0 0.601562 0.392969 0.05 0.08593724999999999
0 0.626563 0.44218775 0.05625 0.07812525000000001
0 0.660937 0.36562474999999994 0.05625 0.08750025
0 0.653906 0.2554685 0.032813 0.0609375
0 0.774219 0.1898435 0.039062 0.04531275
0 0.725 0.27421850000000003 0.0625 0.06406275
0 0.7125 0.34453100000000003 0.075 0.08281275
0 0.666406 0.42421849999999994 0.057813 0.07656225
0 0.707812 0.49218725 0.034375 0.059375250000000004
0 0.735938 0.402344 0.059375 0.08593724999999999
0 0.807031 0.49453099999999994 0.039062 0.06718725
0 0.801562 0.45156275 0.059375 0.084375
0 0.789062 0.37578125 0.0625 0.08593724999999999
0 0.796875 0.2890625 0.065625 0.07812525000000001
0 0.935937 0.20781275 0.0375 0.05312475
0 0.95 0.22499975 0.03125 0.043749750000000004
