0 0.154688 0.31953125 0.040625 0.035937750000000004
2 0.165625 0.42343775000000006 0.059375 0.07812525000000001
1 0.11953100000000001 0.44609375 0.060937 0.0609375
1 0.109375 0.51718775 0.05625 0.043749750000000004
1 0.169531 0.4992185 0.054688 0.0609375
2 0.149219 0.5742185 0.076563 0.06406275
1 0.088281 0.6132815 0.064062 0.07656225
2 0.128906 0.6585935 0.082812 0.0703125
0 0.0875 0.6882815 0.075 0.07656225
0 0.126562 0.7351565 0.06875 0.08281275
0 0.08125 0.7625 0.071875 0.09062475
0 0.130469 0.8 0.064062 0.08750025
0 0.09375 0.81875 0.053125 0.084375
0 0.145313 0.8312502500000001 0.040625 0.065625
