2 0.659375 0.41718725 0.059375 0.06875025
2 0.609375 0.449219 0.05625 0.0609375
2 0.634375 0.503906 0.059375 0.06718725
2 0.597656 0.5101565000000001 0.057813 0.06406275
1 0.638281 0.55468775 0.057813 0.046875
1 0.596094 0.57265625 0.051562 0.0421875
2 0.627344 0.608594 0.060937 0.05468775
2 0.602344 0.659375 0.070312 0.046875
2 0.592187 0.6156252500000001 0.05625 0.043749750000000004
2 0.571875 0.67968725 0.059375 0.059375250000000004
2 0.591406 0.71875025 0.060937 0.06875025
0 0.626563 0.7562502500000001 0.053125 0.075
0 0.597656 0.76015625 0.051562 0.0703125
0 0.9664059999999999 0.22109375 0.045312 0.0515625
0 0.942187 0.2609375 0.053125 0.046875
0 0.98125 0.1625 0.0375 0.046875
