1 0.363281 0.209375 0.045312 0.05000025
2 0.43125 0.2757815 0.046875 0.0515625
2 0.342969 0.321875 0.048438 0.05625
2 0.414844 0.33828125 0.057813 0.05468775
2 0.353906 0.3734375 0.048438 0.05625
2 0.4 0.39374975 0.053125 0.06249975
1 0.355469 0.43671875 0.051562 0.0515625
1 0.41093799999999997 0.4726565 0.05 0.05468775
1 0.354687 0.49765625 0.05 0.0609375
1 0.407813 0.52968725 0.053125 0.059375250000000004
0 0.364844 0.55468775 0.048438 0.065625
0 0.40156200000000003 0.5921877500000001 0.053125 0.075
0 0.360156 0.60937475 0.048438 0.06249975
0 0.366406 0.64375025 0.042188 0.06875025
0 0.400781 0.62812475 0.045312 0.065625
