1 0.290625 0.27421850000000003 0.071875 0.07656225
1 0.19375 0.307031 0.0625 0.08281275
1 0.180469 0.415625 0.060937 0.06875025
1 0.18125 0.4953125 0.059375 0.08124975
1 0.274219 0.48203150000000006 0.057813 0.0796875
0 0.291406 0.38984375 0.048438 0.05468775
0 0.269531 0.54374975 0.054688 0.075
0 0.235156 0.60078125 0.048438 0.06718725
0 0.20703100000000002 0.65781275 0.054688 0.07187475
0 0.164062 0.56718725 0.0625 0.06875025
0 0.169531 0.62968775 0.051562 0.065625
0 0.128906 0.672656 0.060937 0.08593724999999999
